BroadPeak_LiF_SPEX30
Wavelength = 1.54059 Å (Cu)
10.0	1706
10.01	1703
10.02	1701
10.03	1738
10.04	1742
10.05	1730
10.06	1721
10.07	1768
10.08	1774
10.09	1722
10.1	1788
10.11	1710
10.12	1718
10.13	1707
10.14	1762
10.15	1815
10.16	1752
10.17	1676
10.18	1721
10.19	1778
10.2	1772
10.21	1775
10.22	1765
10.23	1729
10.24	1746
10.25	1743
10.26	1794
10.27	1804
10.28	1769
10.29	1761
10.3	1709
10.31	1801
10.32	1770
10.33	1777
10.34	1754
10.35	1714
10.36	1765
10.37	1738
10.38	1737
10.39	1754
10.4	1723
10.41	1762
10.42	1715
10.43	1768
10.44	1755
10.45	1725
10.46	1789
10.47	1771
10.48	1778
10.49	1760
10.5	1808
10.51	1764
10.52	1799
10.53	1770
10.54	1760
10.55	1759
10.56	1771
10.57	1784
10.58	1807
10.59	1809
10.6	1766
10.61	1767
10.62	1810
10.63	1783
10.64	1793
10.65	1789
10.66	1780
10.67	1791
10.68	1762
10.69	1765
10.7	1851
10.71	1804
10.72	1756
10.73	1767
10.74	1728
10.75	1819
10.76	1767
10.77	1752
10.78	1838
10.79	1802
10.8	1756
10.81	1784
10.82	1788
10.83	1822
10.84	1843
10.85	1793
10.86	1802
10.87	1802
10.88	1827
10.89	1850
10.9	1866
10.91	1810
10.92	1778
10.93	1817
10.94	1834
10.95	1846
10.96	1842
10.97	1868
10.98	1900
10.99	1855
11.0	1884
11.01	1843
11.02	1877
11.03	1879
11.04	1812
11.05	1812
11.06	1853
11.07	1832
11.08	1834
11.09	1857
11.1	1831
11.11	1857
11.12	1796
11.13	1824
11.14	1821
11.15	1820
11.16	1826
11.17	1863
11.18	1898
11.19	1857
11.2	1906
11.21	1903
11.22	1858
11.23	1832
11.24	1842
11.25	1837
11.26	1837
11.27	1854
11.28	1857
11.29	1863
11.3	1854
11.31	1808
11.32	1856
11.33	1856
11.34	1851
11.35	1841
11.36	1871
11.37	1870
11.38	1836
11.39	1878
11.4	1837
11.41	1848
11.42	1818
11.43	1842
11.44	1865
11.45	1837
11.46	1875
11.47	1882
11.48	1862
11.49	1866
11.5	1847
11.51	1863
11.52	1881
11.53	1851
11.54	1868
11.55	1912
11.56	1919
11.57	1888
11.58	1895
11.59	1877
11.6	1892
11.61	1914
11.62	1952
11.63	1907
11.64	1908
11.65	1950
11.66	1905
11.67	1901
11.68	1897
11.69	1869
11.7	1861
11.71	1903
11.72	1929
11.73	1921
11.74	1938
11.75	1903
11.76	1888
11.77	1901
11.78	1895
11.79	1936
11.8	1906
11.81	1866
11.82	1919
11.83	1967
11.84	1914
11.85	1896
11.86	1888
11.87	1898
11.88	1927
11.89	1939
11.9	1918
11.91	1901
11.92	1944
11.93	1994
11.94	1923
11.95	1901
11.96	1916
11.97	1918
11.98	1952
11.99	1920
12.0	1934
12.01	1948
12.02	1914
12.03	1985
12.04	2014
12.05	1973
12.06	1916
12.07	1927
12.08	1944
12.09	1953
12.1	1967
12.11	1965
12.12	1963
12.13	2018
12.14	2022
12.15	2012
12.16	1999
12.17	1986
12.18	1996
12.19	1969
12.2	1911
12.21	1905
12.22	1935
12.23	1963
12.24	1917
12.25	2006
12.26	2005
12.27	1981
12.28	1989
12.29	1985
12.3	1954
12.31	1885
12.32	1919
12.33	1967
12.34	1975
12.35	2005
12.36	2024
12.37	1978
12.38	2004
12.39	1992
12.4	1964
12.41	1987
12.42	1978
12.43	1980
12.44	1949
12.45	1951
12.46	1976
12.47	1962
12.48	2015
12.49	1953
12.5	1947
12.51	1967
12.52	1967
12.53	1960
12.54	1987
12.55	1992
12.56	1964
12.57	2009
12.58	2011
12.59	1981
12.6	1984
12.61	2002
12.62	1985
12.63	1950
12.64	1963
12.65	1996
12.66	2016
12.67	1998
12.68	1935
12.69	2017
12.7	2055
12.71	2003
12.72	2007
12.73	1988
12.74	1998
12.75	1947
12.76	1950
12.77	1993
12.78	1970
12.79	1975
12.8	1988
12.81	1983
12.82	2028
12.83	2093
12.84	2106
12.85	2036
12.86	2000
12.87	1998
12.88	1990
12.89	2016
12.9	2004
12.91	2025
12.92	2082
12.93	2092
12.94	2074
12.95	2042
12.96	2011
12.97	2047
12.98	2072
12.99	2082
13.0	2089
13.01	2073
13.02	2071
13.03	2088
13.04	2066
13.05	2059
13.06	2060
13.07	2077
13.08	2027
13.09	2061
13.1	2058
13.11	2072
13.12	2057
13.13	2093
13.14	2121
13.15	2106
13.16	2109
13.17	2078
13.18	2088
13.19	2127
13.2	2122
13.21	2135
13.22	2149
13.23	2102
13.24	2079
13.25	2103
13.26	2130
13.27	2155
13.28	2125
13.29	2110
13.3	2120
13.31	2087
13.32	2109
13.33	2162
13.34	2150
13.35	2145
13.36	2138
13.37	2111
13.38	2118
13.39	2143
13.4	2107
13.41	2129
13.42	2163
13.43	2128
13.44	2123
13.45	2089
13.46	2146
13.47	2117
13.48	2091
13.49	2095
13.5	2102
13.51	2095
13.52	2091
13.53	2087
13.54	2094
13.55	2162
13.56	2152
13.57	2133
13.58	2125
13.59	2141
13.6	2164
13.61	2162
13.62	2184
13.63	2129
13.64	2110
13.65	2120
13.66	2146
13.67	2170
13.68	2127
13.69	2105
13.7	2156
13.71	2228
13.72	2259
13.73	2199
13.74	2126
13.75	2115
13.76	2158
13.77	2186
13.78	2183
13.79	2108
13.8	2087
13.81	2112
13.82	2171
13.83	2198
13.84	2205
13.85	2172
13.86	2148
13.87	2125
13.88	2117
13.89	2153
13.9	2202
13.91	2205
13.92	2209
13.93	2196
13.94	2168
13.95	2179
13.96	2189
13.97	2212
13.98	2183
13.99	2171
14.0	2195
14.01	2210
14.02	2202
14.03	2218
14.04	2213
14.05	2248
14.06	2279
14.07	2214
14.08	2190
14.09	2176
14.1	2196
14.11	2214
14.12	2249
14.13	2228
14.14	2248
14.15	2184
14.16	2208
14.17	2236
14.18	2257
14.19	2275
14.2	2221
14.21	2174
14.22	2206
14.23	2252
14.24	2250
14.25	2291
14.26	2242
14.27	2165
14.28	2165
14.29	2221
14.3	2208
14.31	2193
14.32	2241
14.33	2226
14.34	2189
14.35	2234
14.36	2226
14.37	2212
14.38	2195
14.39	2189
14.4	2238
14.41	2255
14.42	2254
14.43	2231
14.44	2207
14.45	2191
14.46	2155
14.47	2163
14.48	2218
14.49	2232
14.5	2203
14.51	2228
14.52	2240
14.53	2184
14.54	2211
14.55	2267
14.56	2245
14.57	2220
14.58	2251
14.59	2265
14.6	2219
14.61	2189
14.62	2178
14.63	2194
14.64	2244
14.65	2254
14.66	2230
14.67	2214
14.68	2218
14.69	2208
14.7	2211
14.71	2246
14.72	2225
14.73	2247
14.74	2281
14.75	2253
14.76	2216
14.77	2205
14.78	2190
14.79	2225
14.8	2208
14.81	2187
14.82	2193
14.83	2251
14.84	2219
14.85	2218
14.86	2219
14.87	2195
14.88	2173
14.89	2168
14.9	2198
14.91	2207
14.92	2168
14.93	2201
14.94	2186
14.95	2211
14.96	2195
14.97	2168
14.98	2173
14.99	2212
15.0	2203
15.01	2227
15.02	2234
15.03	2213
15.04	2239
15.05	2230
15.06	2220
15.07	2226
15.08	2229
15.09	2224
15.1	2243
15.11	2270
15.12	2235
15.13	2204
15.14	2214
15.15	2243
15.16	2201
15.17	2186
15.18	2214
15.19	2211
15.2	2197
15.21	2206
15.22	2181
15.23	2164
15.24	2203
15.25	2262
15.26	2300
15.27	2264
15.28	2236
15.29	2240
15.3	2232
15.31	2211
15.32	2235
15.33	2273
15.34	2233
15.35	2229
15.36	2189
15.37	2179
15.38	2195
15.39	2232
15.4	2237
15.41	2215
15.42	2218
15.43	2207
15.44	2182
15.45	2197
15.46	2195
15.47	2200
15.48	2218
15.49	2231
15.5	2226
15.51	2210
15.52	2192
15.53	2203
15.54	2216
15.55	2210
15.56	2188
15.57	2179
15.58	2194
15.59	2197
15.6	2238
15.61	2218
15.62	2234
15.63	2252
15.64	2271
15.65	2231
15.66	2185
15.67	2166
15.68	2197
15.69	2241
15.7	2250
15.71	2231
15.72	2244
15.73	2261
15.74	2277
15.75	2248
15.76	2181
15.77	2181
15.78	2197
15.79	2240
15.8	2221
15.81	2201
15.82	2223
15.83	2220
15.84	2216
15.85	2220
15.86	2187
15.87	2156
15.88	2167
15.89	2195
15.9	2235
15.91	2211
15.92	2148
15.93	2131
15.94	2164
15.95	2190
15.96	2169
15.97	2204
15.98	2212
15.99	2200
16.0	2195
16.01	2200
16.02	2220
16.03	2178
16.04	2185
16.05	2194
16.06	2182
16.07	2217
16.08	2225
16.09	2238
16.1	2261
16.11	2233
16.12	2217
16.13	2222
16.14	2214
16.15	2178
16.16	2186
16.17	2225
16.18	2176
16.19	2145
16.2	2209
16.21	2239
16.22	2207
16.23	2212
16.24	2234
16.25	2203
16.26	2188
16.27	2192
16.28	2189
16.29	2200
16.3	2206
16.31	2149
16.32	2133
16.33	2202
16.34	2213
16.35	2173
16.36	2190
16.37	2206
16.38	2178
16.39	2136
16.4	2167
16.41	2170
16.42	2161
16.43	2200
16.44	2183
16.45	2155
16.46	2191
16.47	2189
16.48	2170
16.49	2188
16.5	2186
16.51	2166
16.52	2173
16.53	2176
16.54	2164
16.55	2165
16.56	2172
16.57	2180
16.58	2185
16.59	2187
16.6	2165
16.61	2139
16.62	2130
16.63	2156
16.64	2189
16.65	2178
16.66	2121
16.67	2125
16.68	2161
16.69	2176
16.7	2198
16.71	2194
16.72	2138
16.73	2131
16.74	2186
16.75	2199
16.76	2173
16.77	2159
16.78	2195
16.79	2224
16.8	2203
16.81	2172
16.82	2143
16.83	2126
16.84	2108
16.85	2139
16.86	2165
16.87	2192
16.88	2172
16.89	2175
16.9	2190
16.91	2202
16.92	2217
16.93	2201
16.94	2175
16.95	2144
16.96	2142
16.97	2164
16.98	2165
16.99	2154
17.0	2145
17.01	2156
17.02	2169
17.03	2127
17.04	2085
17.05	2125
17.06	2220
17.07	2239
17.08	2207
17.09	2202
17.1	2218
17.11	2186
17.12	2156
17.13	2157
17.14	2125
17.15	2104
17.16	2105
17.17	2124
17.18	2156
17.19	2110
17.2	2086
17.21	2138
17.22	2173
17.23	2194
17.24	2150
17.25	2108
17.26	2150
17.27	2196
17.28	2195
17.29	2132
17.3	2072
17.31	2068
17.32	2095
17.33	2137
17.34	2154
17.35	2121
17.36	2109
17.37	2129
17.38	2127
17.39	2122
17.4	2125
17.41	2116
17.42	2129
17.43	2131
17.44	2113
17.45	2124
17.46	2111
17.47	2081
17.48	2092
17.49	2125
17.5	2142
17.51	2124
17.52	2107
17.53	2105
17.54	2135
17.55	2181
17.56	2163
17.57	2120
17.58	2130
17.59	2155
17.6	2147
17.61	2123
17.62	2114
17.63	2145
17.64	2143
17.65	2120
17.66	2134
17.67	2131
17.68	2105
17.69	2080
17.7	2050
17.71	2063
17.72	2113
17.73	2111
17.74	2111
17.75	2121
17.76	2136
17.77	2147
17.78	2116
17.79	2077
17.8	2045
17.81	2074
17.82	2121
17.83	2107
17.84	2085
17.85	2088
17.86	2092
17.87	2104
17.88	2100
17.89	2083
17.9	2076
17.91	2082
17.92	2094
17.93	2073
17.94	2054
17.95	2086
17.96	2132
17.97	2114
17.98	2082
17.99	2081
18.0	2099
18.01	2116
18.02	2112
18.03	2108
18.04	2095
18.05	2058
18.06	2041
18.07	2066
18.08	2087
18.09	2083
18.1	2059
18.11	2056
18.12	2066
18.13	2091
18.14	2101
18.15	2076
18.16	2074
18.17	2067
18.18	2065
18.19	2054
18.2	2067
18.21	2089
18.22	2072
18.23	2063
18.24	2061
18.25	2065
18.26	2111
18.27	2091
18.28	2017
18.29	2012
18.3	2046
18.31	2058
18.32	2059
18.33	2054
18.34	2052
18.35	2073
18.36	2056
18.37	2028
18.38	2032
18.39	2043
18.4	2034
18.41	2020
18.42	2080
18.43	2103
18.44	2077
18.45	2078
18.46	2063
18.47	2054
18.48	2043
18.49	2032
18.5	2041
18.51	2065
18.52	2103
18.53	2104
18.54	2061
18.55	2045
18.56	2075
18.57	2053
18.58	2002
18.59	1980
18.6	1986
18.61	2005
18.62	2025
18.63	2018
18.64	2019
18.65	1987
18.66	1986
18.67	1990
18.68	1989
18.69	2009
18.7	2013
18.71	2010
18.72	2007
18.73	2012
18.74	1999
18.75	1991
18.76	1995
18.77	2031
18.78	2039
18.79	2014
18.8	2025
18.81	2012
18.82	2011
18.83	2011
18.84	2024
18.85	2040
18.86	2050
18.87	2008
18.88	1976
18.89	2001
18.9	1999
18.91	1961
18.92	1949
18.93	1980
18.94	2005
18.95	1987
18.96	1947
18.97	1969
18.98	2005
18.99	2015
19.0	1981
19.01	1989
19.02	1996
19.03	1963
19.04	1970
19.05	1995
19.06	1976
19.07	1983
19.08	1999
19.09	2036
19.1	2052
19.11	2011
19.12	1975
19.13	1962
19.14	1949
19.15	1938
19.16	1950
19.17	1981
19.18	2010
19.19	1968
19.2	1941
19.21	1951
19.22	1954
19.23	1944
19.24	1920
19.25	1934
19.26	1968
19.27	1943
19.28	1935
19.29	1959
19.3	1954
19.31	1947
19.32	1953
19.33	1976
19.34	1953
19.35	1946
19.36	1975
19.37	1974
19.38	1985
19.39	1995
19.4	1954
19.41	1931
19.42	1927
19.43	1946
19.44	1940
19.45	1932
19.46	1924
19.47	1950
19.48	1948
19.49	1917
19.5	1915
19.51	1943
19.52	1991
19.53	1967
19.54	1889
19.55	1875
19.56	1940
19.57	1935
19.58	1911
19.59	1907
19.6	1929
19.61	1918
19.62	1932
19.63	1935
19.64	1930
19.65	1896
19.66	1878
19.67	1878
19.68	1857
19.69	1879
19.7	1884
19.71	1900
19.72	1889
19.73	1900
19.74	1921
19.75	1893
19.76	1870
19.77	1884
19.78	1881
19.79	1836
19.8	1826
19.81	1862
19.82	1901
19.83	1874
19.84	1840
19.85	1861
19.86	1925
19.87	1915
19.88	1839
19.89	1844
19.9	1850
19.91	1846
19.92	1839
19.93	1874
19.94	1918
19.95	1909
19.96	1897
19.97	1868
19.98	1855
19.99	1869
20.0	1888
20.01	1859
20.02	1862
20.03	1885
20.04	1812
20.05	1850
20.06	1855
20.07	1816
20.08	1856
20.09	1855
20.1	1862
20.11	1860
20.12	1887
20.13	1890
20.14	1865
20.15	1885
20.16	1877
20.17	1851
20.18	1868
20.19	1863
20.2	1835
20.21	1810
20.22	1802
20.23	1781
20.24	1779
20.25	1801
20.26	1824
20.27	1819
20.28	1840
20.29	1837
20.3	1846
20.31	1831
20.32	1820
20.33	1826
20.34	1798
20.35	1765
20.36	1769
20.37	1766
20.38	1794
20.39	1815
20.4	1865
20.41	1881
20.42	1840
20.43	1816
20.44	1814
20.45	1810
20.46	1798
20.47	1835
20.48	1816
20.49	1771
20.5	1788
20.51	1841
20.52	1824
20.53	1803
20.54	1846
20.55	1808
20.56	1795
20.57	1769
20.58	1730
20.59	1758
20.6	1752
20.61	1744
20.62	1784
20.63	1807
20.64	1792
20.65	1791
20.66	1788
20.67	1809
20.68	1825
20.69	1776
20.7	1765
20.71	1794
20.72	1734
20.73	1752
20.74	1749
20.75	1770
20.76	1785
20.77	1729
20.78	1688
20.79	1723
20.8	1771
20.81	1775
20.82	1781
20.83	1772
20.84	1766
20.85	1768
20.86	1761
20.87	1777
20.88	1764
20.89	1763
20.9	1799
20.91	1765
20.92	1736
20.93	1769
20.94	1772
20.95	1743
20.96	1761
20.97	1780
20.98	1763
20.99	1733
21.0	1702
21.01	1674
21.02	1699
21.03	1687
21.04	1706
21.05	1701
21.06	1696
21.07	1732
21.08	1758
21.09	1737
21.1	1703
21.11	1672
21.12	1619
21.13	1602
21.14	1676
21.15	1688
21.16	1721
21.17	1697
21.18	1695
21.19	1667
21.2	1683
21.21	1720
21.22	1713
21.23	1718
21.24	1746
21.25	1717
21.26	1708
21.27	1694
21.28	1658
21.29	1704
21.3	1692
21.31	1705
21.32	1715
21.33	1713
21.34	1675
21.35	1644
21.36	1671
21.37	1681
21.38	1673
21.39	1672
21.4	1699
21.41	1668
21.42	1675
21.43	1696
21.44	1674
21.45	1655
21.46	1707
21.47	1700
21.48	1599
21.49	1583
21.5	1605
21.51	1631
21.52	1642
21.53	1657
21.54	1684
21.55	1703
21.56	1691
21.57	1682
21.58	1641
21.59	1620
21.6	1652
21.61	1665
21.62	1646
21.63	1663
21.64	1633
21.65	1619
21.66	1614
21.67	1570
21.68	1587
21.69	1623
21.7	1656
21.71	1646
21.72	1558
21.73	1595
21.74	1667
21.75	1644
21.76	1621
21.77	1653
21.78	1630
21.79	1640
21.8	1640
21.81	1587
21.82	1559
21.83	1629
21.84	1655
21.85	1619
21.86	1627
21.87	1670
21.88	1657
21.89	1630
21.9	1630
21.91	1614
21.92	1605
21.93	1589
21.94	1573
21.95	1628
21.96	1621
21.97	1584
21.98	1562
21.99	1565
22.0	1553
22.01	1597
22.02	1612
22.03	1543
22.04	1540
22.05	1604
22.06	1581
22.07	1566
22.08	1541
22.09	1578
22.1	1577
22.11	1548
22.12	1527
22.13	1574
22.14	1582
22.15	1588
22.16	1597
22.17	1583
22.18	1634
22.19	1581
22.2	1613
22.21	1597
22.22	1609
22.23	1554
22.24	1529
22.25	1543
22.26	1562
22.27	1582
22.28	1571
22.29	1555
22.3	1498
22.31	1556
22.32	1609
22.33	1541
22.34	1567
22.35	1576
22.36	1565
22.37	1550
22.38	1528
22.39	1576
22.4	1543
22.41	1550
22.42	1555
22.43	1553
22.44	1473
22.45	1503
22.46	1564
22.47	1536
22.48	1541
22.49	1525
22.5	1539
22.51	1520
22.52	1523
22.53	1519
22.54	1509
22.55	1494
22.56	1497
22.57	1500
22.58	1506
22.59	1550
22.6	1516
22.61	1508
22.62	1488
22.63	1533
22.64	1506
22.65	1495
22.66	1480
22.67	1485
22.68	1535
22.69	1512
22.7	1497
22.71	1492
22.72	1520
22.73	1498
22.74	1469
22.75	1512
22.76	1526
22.77	1531
22.78	1521
22.79	1529
22.8	1511
22.81	1524
22.82	1495
22.83	1529
22.84	1506
22.85	1522
22.86	1511
22.87	1489
22.88	1488
22.89	1507
22.9	1499
22.91	1467
22.92	1478
22.93	1443
22.94	1470
22.95	1485
22.96	1458
22.97	1465
22.98	1463
22.99	1452
23.0	1445
23.01	1463
23.02	1497
23.03	1481
23.04	1431
23.05	1436
23.06	1475
23.07	1468
23.08	1463
23.09	1477
23.1	1464
23.11	1471
23.12	1453
23.13	1486
23.14	1465
23.15	1421
23.16	1436
23.17	1456
23.18	1442
23.19	1417
23.2	1395
23.21	1458
23.22	1502
23.23	1498
23.24	1416
23.25	1422
23.26	1443
23.27	1416
23.28	1439
23.29	1442
23.3	1427
23.31	1445
23.32	1438
23.33	1455
23.34	1457
23.35	1431
23.36	1430
23.37	1460
23.38	1478
23.39	1425
23.4	1380
23.41	1412
23.42	1434
23.43	1431
23.44	1392
23.45	1339
23.46	1399
23.47	1393
23.48	1407
23.49	1473
23.5	1462
23.51	1453
23.52	1450
23.53	1420
23.54	1391
23.55	1407
23.56	1383
23.57	1353
23.58	1383
23.59	1380
23.6	1369
23.61	1385
23.62	1385
23.63	1357
23.64	1390
23.65	1398
23.66	1367
23.67	1384
23.68	1392
23.69	1375
23.7	1453
23.71	1455
23.72	1422
23.73	1372
23.74	1376
23.75	1380
23.76	1423
23.77	1405
23.78	1363
23.79	1376
23.8	1397
23.81	1370
23.82	1378
23.83	1393
23.84	1380
23.85	1394
23.86	1403
23.87	1406
23.88	1385
23.89	1383
23.9	1363
23.91	1360
23.92	1374
23.93	1416
23.94	1420
23.95	1348
23.96	1345
23.97	1342
23.98	1367
23.99	1358
24.0	1341
24.01	1355
24.02	1301
24.03	1295
24.04	1369
24.05	1377
24.06	1382
24.07	1380
24.08	1324
24.09	1311
24.1	1366
24.11	1317
24.12	1316
24.13	1331
24.14	1320
24.15	1363
24.16	1356
24.17	1363
24.18	1333
24.19	1306
24.2	1351
24.21	1354
24.22	1312
24.23	1314
24.24	1329
24.25	1339
24.26	1327
24.27	1322
24.28	1337
24.29	1348
24.3	1340
24.31	1350
24.32	1325
24.33	1330
24.34	1334
24.35	1332
24.36	1396
24.37	1366
24.38	1326
24.39	1308
24.4	1332
24.41	1380
24.42	1343
24.43	1319
24.44	1311
24.45	1306
24.46	1327
24.47	1331
24.48	1307
24.49	1310
24.5	1297
24.51	1306
24.52	1342
24.53	1352
24.54	1327
24.55	1314
24.56	1329
24.57	1288
24.58	1307
24.59	1317
24.6	1322
24.61	1318
24.62	1311
24.63	1303
24.64	1301
24.65	1315
24.66	1326
24.67	1304
24.68	1273
24.69	1302
24.7	1285
24.71	1265
24.72	1282
24.73	1278
24.74	1266
24.75	1287
24.76	1310
24.77	1307
24.78	1328
24.79	1291
24.8	1305
24.81	1306
24.82	1294
24.83	1284
24.84	1290
24.85	1296
24.86	1259
24.87	1242
24.88	1258
24.89	1270
24.9	1306
24.91	1319
24.92	1331
24.93	1295
24.94	1268
24.95	1289
24.96	1307
24.97	1282
24.98	1275
24.99	1272
25.0	1289
25.01	1270
25.02	1267
25.03	1268
25.04	1241
25.05	1251
25.06	1289
25.07	1288
25.08	1268
25.09	1266
25.1	1284
25.11	1261
25.12	1251
25.13	1253
25.14	1248
25.15	1232
25.16	1255
25.17	1278
25.18	1233
25.19	1239
25.2	1266
25.21	1232
25.22	1254
25.23	1298
25.24	1250
25.25	1233
25.26	1245
25.27	1272
25.28	1305
25.29	1272
25.3	1251
25.31	1231
25.32	1227
25.33	1224
25.34	1256
25.35	1285
25.36	1225
25.37	1227
25.38	1278
25.39	1281
25.4	1273
25.41	1271
25.42	1277
25.43	1260
25.44	1242
25.45	1256
25.46	1261
25.47	1282
25.48	1258
25.49	1246
25.5	1248
25.51	1245
25.52	1268
25.53	1273
25.54	1222
25.55	1208
25.56	1228
25.57	1272
25.58	1283
25.59	1265
25.6	1219
25.61	1190
25.62	1208
25.63	1216
25.64	1224
25.65	1256
25.66	1251
25.67	1206
25.68	1207
25.69	1196
25.7	1212
25.71	1250
25.72	1236
25.73	1247
25.74	1249
25.75	1230
25.76	1235
25.77	1238
25.78	1247
25.79	1272
25.8	1245
25.81	1203
25.82	1227
25.83	1223
25.84	1202
25.85	1199
25.86	1210
25.87	1201
25.88	1198
25.89	1209
25.9	1179
25.91	1147
25.92	1200
25.93	1218
25.94	1187
25.95	1189
25.96	1196
25.97	1203
25.98	1157
25.99	1159
26.0	1182
26.01	1190
26.02	1236
26.03	1236
26.04	1219
26.05	1204
26.06	1194
26.07	1181
26.08	1168
26.09	1167
26.1	1159
26.11	1180
26.12	1223
26.13	1214
26.14	1218
26.15	1220
26.16	1203
26.17	1209
26.18	1227
26.19	1214
26.2	1204
26.21	1155
26.22	1161
26.23	1180
26.24	1189
26.25	1158
26.26	1162
26.27	1215
26.28	1221
26.29	1188
26.3	1174
26.31	1194
26.32	1198
26.33	1155
26.34	1138
26.35	1146
26.36	1169
26.37	1203
26.38	1196
26.39	1180
26.4	1174
26.41	1172
26.42	1179
26.43	1185
26.44	1204
26.45	1200
26.46	1173
26.47	1171
26.48	1164
26.49	1166
26.5	1207
26.51	1209
26.52	1168
26.53	1154
26.54	1190
26.55	1218
26.56	1217
26.57	1217
26.58	1213
26.59	1203
26.6	1215
26.61	1259
26.62	1242
26.63	1223
26.64	1231
26.65	1211
26.66	1204
26.67	1181
26.68	1162
26.69	1165
26.7	1189
26.71	1205
26.72	1188
26.73	1180
26.74	1176
26.75	1165
26.76	1158
26.77	1167
26.78	1182
26.79	1182
26.8	1144
26.81	1125
26.82	1123
26.83	1152
26.84	1161
26.85	1131
26.86	1103
26.87	1108
26.88	1128
26.89	1117
26.9	1132
26.91	1161
26.92	1168
26.93	1165
26.94	1147
26.95	1138
26.96	1155
26.97	1148
26.98	1136
26.99	1150
27.0	1162
27.01	1181
27.02	1160
27.03	1115
27.04	1126
27.05	1152
27.06	1148
27.07	1150
27.08	1136
27.09	1109
27.1	1104
27.11	1134
27.12	1143
27.13	1114
27.14	1118
27.15	1123
27.16	1114
27.17	1099
27.18	1107
27.19	1143
27.2	1152
27.21	1128
27.22	1106
27.23	1106
27.24	1125
27.25	1140
27.26	1128
27.27	1103
27.28	1105
27.29	1134
27.3	1125
27.31	1082
27.32	1075
27.33	1107
27.34	1146
27.35	1164
27.36	1148
27.37	1122
27.38	1114
27.39	1113
27.4	1102
27.41	1105
27.42	1087
27.43	1065
27.44	1072
27.45	1081
27.46	1090
27.47	1106
27.48	1119
27.49	1135
27.5	1133
27.51	1113
27.52	1098
27.53	1110
27.54	1112
27.55	1087
27.56	1076
27.57	1080
27.58	1094
27.59	1115
27.6	1103
27.61	1090
27.62	1115
27.63	1125
27.64	1094
27.65	1090
27.66	1114
27.67	1124
27.68	1110
27.69	1111
27.7	1090
27.71	1063
27.72	1097
27.73	1116
27.74	1108
27.75	1109
27.76	1095
27.77	1095
27.78	1117
27.79	1096
27.8	1063
27.81	1099
27.82	1120
27.83	1101
27.84	1094
27.85	1101
27.86	1088
27.87	1067
27.88	1073
27.89	1100
27.9	1107
27.91	1101
27.92	1063
27.93	1049
27.94	1097
27.95	1127
27.96	1109
27.97	1075
27.98	1065
27.99	1074
28.0	1062
28.01	1057
28.02	1058
28.03	1058
28.04	1073
28.05	1077
28.06	1072
28.07	1073
28.08	1091
28.09	1111
28.1	1092
28.11	1072
28.12	1060
28.13	1097
28.14	1142
28.15	1121
28.16	1086
28.17	1111
28.18	1125
28.19	1091
28.2	1078
28.21	1072
28.22	1084
28.23	1076
28.24	1067
28.25	1060
28.26	1069
28.27	1059
28.28	1049
28.29	1063
28.3	1061
28.31	1060
28.32	1070
28.33	1060
28.34	1049
28.35	1067
28.36	1098
28.37	1110
28.38	1081
28.39	1079
28.4	1089
28.41	1072
28.42	1095
28.43	1118
28.44	1111
28.45	1098
28.46	1085
28.47	1065
28.48	1061
28.49	1052
28.5	1067
28.51	1068
28.52	1043
28.53	1035
28.54	1045
28.55	1077
28.56	1057
28.57	1049
28.58	1079
28.59	1094
28.6	1103
28.61	1102
28.62	1088
28.63	1072
28.64	1081
28.65	1097
28.66	1107
28.67	1082
28.68	1063
28.69	1075
28.7	1074
28.71	1049
28.72	1033
28.73	1013
28.74	1023
28.75	1057
28.76	1046
28.77	1026
28.78	1021
28.79	1008
28.8	1022
28.81	1047
28.82	1048
28.83	1064
28.84	1081
28.85	1056
28.86	1047
28.87	1070
28.88	1060
28.89	1031
28.9	1027
28.91	1023
28.92	1027
28.93	1019
28.94	979
28.95	1002
28.96	1010
28.97	1029
28.98	1051
28.99	1056
29.0	1050
29.01	1042
29.02	1040
29.03	1047
29.04	1034
29.05	1002
29.06	1013
29.07	1051
29.08	1047
29.09	1041
29.1	1017
29.11	1032
29.12	1049
29.13	1027
29.14	1030
29.15	1035
29.16	1024
29.17	1003
29.18	1026
29.19	1045
29.2	1002
29.21	1004
29.22	1010
29.23	986
29.24	1007
29.25	1023
29.26	1024
29.27	1044
29.28	1063
29.29	1056
29.3	1022
29.31	1000
29.32	990
29.33	961
29.34	964
29.35	988
29.36	1007
29.37	1024
29.38	1037
29.39	1062
29.4	1038
29.41	1031
29.42	1021
29.43	1011
29.44	1021
29.45	1028
29.46	1002
29.47	984
29.48	991
29.49	992
29.5	1015
29.51	1037
29.52	1028
29.53	1001
29.54	1001
29.55	1024
29.56	1041
29.57	1029
29.58	1034
29.59	1054
29.6	1025
29.61	996
29.62	1014
29.63	1042
29.64	1034
29.65	1031
29.66	1030
29.67	1004
29.68	995
29.69	992
29.7	1000
29.71	1011
29.72	1037
29.73	1033
29.74	1008
29.75	1007
29.76	1001
29.77	973
29.78	977
29.79	986
29.8	1009
29.81	1006
29.82	1001
29.83	982
29.84	984
29.85	989
29.86	1060
29.87	1042
29.88	968
29.89	985
29.9	1021
29.91	1029
29.92	1015
29.93	1024
29.94	1013
29.95	1001
29.96	967
29.97	1008
29.98	1040
29.99	994
30.0	960
30.01	991
30.02	1022
30.03	1028
30.04	1045
30.05	1037
30.06	996
30.07	1030
30.08	1015
30.09	978
30.1	997
30.11	998
30.12	970
30.13	984
30.14	1005
30.15	1045
30.16	1043
30.17	997
30.18	998
30.19	1009
30.2	984
30.21	980
30.22	1016
30.23	997
30.24	1018
30.25	1014
30.26	1008
30.27	1008
30.28	1002
30.29	1011
30.3	1023
30.31	1018
30.32	980
30.33	968
30.34	994
30.35	1036
30.36	1032
30.37	1013
30.38	1018
30.39	1031
30.4	1042
30.41	999
30.42	1008
30.43	1017
30.44	1043
30.45	1046
30.46	1007
30.47	990
30.48	990
30.49	983
30.5	991
30.51	1014
30.52	1016
30.53	1001
30.54	987
30.55	999
30.56	1005
30.57	996
30.58	1003
30.59	1004
30.6	984
30.61	964
30.62	971
30.63	1029
30.64	1003
30.65	940
30.66	943
30.67	959
30.68	987
30.69	967
30.7	1027
30.71	1020
30.72	978
30.73	963
30.74	942
30.75	981
30.76	966
30.77	969
30.78	983
30.79	951
30.8	951
30.81	975
30.82	1019
30.83	992
30.84	960
30.85	960
30.86	934
30.87	962
30.88	948
30.89	998
30.9	941
30.91	944
30.92	950
30.93	927
30.94	921
30.95	970
30.96	1001
30.97	985
30.98	954
30.99	958
31.0	964
31.01	965
31.02	938
31.03	958
31.04	970
31.05	945
31.06	928
31.07	942
31.08	955
31.09	958
31.1	962
31.11	941
31.12	909
31.13	937
31.14	942
31.15	965
31.16	956
31.17	930
31.18	945
31.19	953
31.2	942
31.21	930
31.22	925
31.23	956
31.24	959
31.25	955
31.26	923
31.27	919
31.28	922
31.29	938
31.3	946
31.31	939
31.32	948
31.33	932
31.34	941
31.35	930
31.36	937
31.37	932
31.38	913
31.39	930
31.4	944
31.41	925
31.42	929
31.43	969
31.44	926
31.45	937
31.46	933
31.47	943
31.48	946
31.49	963
31.5	939
31.51	959
31.52	967
31.53	942
31.54	890
31.55	899
31.56	927
31.57	923
31.58	916
31.59	908
31.6	870
31.61	872
31.62	909
31.63	936
31.64	926
31.65	969
31.66	966
31.67	922
31.68	940
31.69	948
31.7	957
31.71	942
31.72	918
31.73	923
31.74	892
31.75	909
31.76	932
31.77	912
31.78	907
31.79	929
31.8	948
31.81	966
31.82	944
31.83	922
31.84	922
31.85	927
31.86	884
31.87	905
31.88	921
31.89	905
31.9	907
31.91	878
31.92	869
31.93	899
31.94	924
31.95	950
31.96	959
31.97	935
31.98	924
31.99	906
32.0	904
32.01	936
32.02	925
32.03	917
32.04	902
32.05	897
32.06	936
32.07	902
32.08	886
32.09	943
32.1	935
32.11	896
32.12	930
32.13	955
32.14	927
32.15	924
32.16	881
32.17	917
32.18	907
32.19	923
32.2	890
32.21	901
32.22	877
32.23	900
32.24	895
32.25	876
32.26	921
32.27	914
32.28	907
32.29	907
32.3	882
32.31	889
32.32	922
32.33	923
32.34	902
32.35	889
32.36	882
32.37	914
32.38	898
32.39	874
32.4	893
32.41	870
32.42	882
32.43	906
32.44	908
32.45	897
32.46	899
32.47	901
32.48	885
32.49	867
32.5	867
32.51	891
32.52	894
32.53	898
32.54	876
32.55	858
32.56	905
32.57	896
32.58	909
32.59	910
32.6	886
32.61	888
32.62	895
32.63	892
32.64	833
32.65	882
32.66	907
32.67	885
32.68	890
32.69	869
32.7	866
32.71	871
32.72	860
32.73	862
32.74	867
32.75	886
32.76	916
32.77	912
32.78	853
32.79	866
32.8	834
32.81	869
32.82	870
32.83	854
32.84	863
32.85	864
32.86	885
32.87	885
32.88	864
32.89	854
32.9	829
32.91	837
32.92	869
32.93	868
32.94	873
32.95	882
32.96	893
32.97	900
32.98	896
32.99	868
33.0	884
33.01	883
33.02	866
33.03	842
33.04	884
33.05	912
33.06	876
33.07	873
33.08	892
33.09	858
33.1	861
33.11	860
33.12	883
33.13	895
33.14	870
33.15	871
33.16	873
33.17	859
33.18	848
33.19	872
33.2	877
33.21	873
33.22	882
33.23	861
33.24	863
33.25	851
33.26	890
33.27	870
33.28	877
33.29	878
33.3	878
33.31	891
33.32	898
33.33	874
33.34	838
33.35	848
33.36	851
33.37	842
33.38	881
33.39	906
33.4	887
33.41	865
33.42	868
33.43	843
33.44	849
33.45	862
33.46	887
33.47	877
33.48	873
33.49	853
33.5	876
33.51	863
33.52	835
33.53	839
33.54	862
33.55	873
33.56	848
33.57	860
33.58	851
33.59	854
33.6	865
33.61	866
33.62	874
33.63	862
33.64	853
33.65	894
33.66	893
33.67	885
33.68	886
33.69	893
33.7	880
33.71	861
33.72	861
33.73	855
33.74	848
33.75	863
33.76	855
33.77	843
33.78	859
33.79	841
33.8	815
33.81	835
33.82	837
33.83	843
33.84	862
33.85	857
33.86	841
33.87	845
33.88	859
33.89	845
33.9	864
33.91	834
33.92	834
33.93	865
33.94	886
33.95	894
33.96	893
33.97	867
33.98	851
33.99	875
34.0	869
34.01	863
34.02	848
34.03	867
34.04	883
34.05	856
34.06	831
34.07	873
34.08	878
34.09	878
34.1	863
34.11	865
34.12	860
34.13	856
34.14	898
34.15	902
34.16	866
34.17	868
34.18	868
34.19	851
34.2	860
34.21	896
34.22	897
34.23	889
34.24	886
34.25	880
34.26	881
34.27	859
34.28	875
34.29	876
34.3	880
34.31	891
34.32	875
34.33	877
34.34	881
34.35	864
34.36	868
34.37	845
34.38	849
34.39	869
34.4	859
34.41	851
34.42	831
34.43	870
34.44	887
34.45	855
34.46	841
34.47	864
34.48	899
34.49	876
34.5	852
34.51	846
34.52	827
34.53	825
34.54	831
34.55	850
34.56	836
34.57	836
34.58	846
34.59	854
34.6	876
34.61	866
34.62	835
34.63	857
34.64	899
34.65	910
34.66	906
34.67	890
34.68	874
34.69	859
34.7	844
34.71	845
34.72	853
34.73	880
34.74	884
34.75	880
34.76	876
34.77	865
34.78	875
34.79	868
34.8	835
34.81	835
34.82	858
34.83	873
34.84	875
34.85	886
34.86	895
34.87	874
34.88	859
34.89	854
34.9	861
34.91	879
34.92	875
34.93	868
34.94	850
34.95	847
34.96	890
34.97	894
34.98	861
34.99	862
35.0	879
35.01	870
35.02	852
35.03	857
35.04	842
35.05	841
35.06	861
35.07	880
35.08	879
35.09	902
35.1	935
35.11	914
35.12	868
35.13	835
35.14	843
35.15	844
35.16	870
35.17	876
35.18	872
35.19	865
35.2	859
35.21	875
35.22	879
35.23	867
35.24	850
35.25	844
35.26	836
35.27	823
35.28	830
35.29	837
35.3	859
35.31	880
35.32	880
35.33	892
35.34	913
35.35	921
35.36	905
35.37	868
35.38	869
35.39	876
35.4	864
35.41	865
35.42	843
35.43	843
35.44	867
35.45	880
35.46	871
35.47	866
35.48	859
35.49	867
35.5	878
35.51	849
35.52	845
35.53	866
35.54	860
35.55	861
35.56	870
35.57	879
35.58	884
35.59	851
35.6	820
35.61	819
35.62	831
35.63	841
35.64	849
35.65	852
35.66	840
35.67	854
35.68	881
35.69	870
35.7	862
35.71	850
35.72	832
35.73	842
35.74	863
35.75	854
35.76	849
35.77	845
35.78	858
35.79	871
35.8	865
35.81	853
35.82	835
35.83	848
35.84	860
35.85	855
35.86	846
35.87	836
35.88	832
35.89	830
35.9	858
35.91	869
35.92	857
35.93	849
35.94	866
35.95	882
35.96	869
35.97	854
35.98	863
35.99	888
36.0	875
36.01	841
36.02	838
36.03	858
36.04	874
36.05	879
36.06	863
36.07	840
36.08	831
36.09	829
36.1	828
36.11	843
36.12	871
36.13	894
36.14	873
36.15	844
36.16	860
36.17	870
36.18	858
36.19	853
36.2	852
36.21	833
36.22	825
36.23	838
36.24	848
36.25	856
36.26	867
36.27	858
36.28	848
36.29	855
36.3	851
36.31	839
36.32	852
36.33	863
36.34	847
36.35	838
36.36	825
36.37	827
36.38	840
36.39	838
36.4	862
36.41	876
36.42	854
36.43	834
36.44	829
36.45	840
36.46	854
36.47	842
36.48	830
36.49	844
36.5	854
36.51	853
36.52	845
36.53	829
36.54	851
36.55	880
36.56	865
36.57	858
36.58	861
36.59	869
36.6	881
36.61	887
36.62	876
36.63	868
36.64	886
36.65	877
36.66	862
36.67	875
36.68	892
36.69	886
36.7	871
36.71	865
36.72	854
36.73	862
36.74	881
36.75	885
36.76	888
36.77	878
36.78	865
36.79	872
36.8	866
36.81	880
36.82	910
36.83	898
36.84	875
36.85	862
36.86	871
36.87	882
36.88	869
36.89	874
36.9	887
36.91	884
36.92	891
36.93	896
36.94	874
36.95	872
36.96	902
36.97	917
36.98	909
36.99	920
37.0	926
37.01	925
37.02	932
37.03	919
37.04	904
37.05	908
37.06	898
37.07	899
37.08	908
37.09	920
37.1	916
37.11	918
37.12	948
37.13	972
37.14	993
37.15	980
37.16	956
37.17	968
37.18	977
37.19	981
37.2	1018
37.21	1032
37.22	998
37.23	982
37.24	1010
37.25	1029
37.26	1031
37.27	1012
37.28	1021
37.29	1034
37.3	1050
37.31	1070
37.32	1063
37.33	1066
37.34	1051
37.35	1060
37.36	1100
37.37	1101
37.38	1090
37.39	1117
37.4	1133
37.41	1118
37.42	1096
37.43	1104
37.44	1140
37.45	1152
37.46	1151
37.47	1141
37.48	1148
37.49	1181
37.5	1189
37.51	1182
37.52	1159
37.53	1156
37.54	1157
37.55	1147
37.56	1165
37.57	1180
37.58	1193
37.59	1219
37.6	1227
37.61	1217
37.62	1233
37.63	1221
37.64	1210
37.65	1228
37.66	1247
37.67	1242
37.68	1249
37.69	1249
37.7	1240
37.71	1251
37.72	1235
37.73	1248
37.74	1293
37.75	1283
37.76	1239
37.77	1237
37.78	1284
37.79	1320
37.8	1306
37.81	1308
37.82	1319
37.83	1327
37.84	1330
37.85	1333
37.86	1354
37.87	1363
37.88	1408
37.89	1406
37.9	1390
37.91	1403
37.92	1437
37.93	1431
37.94	1445
37.95	1446
37.96	1467
37.97	1491
37.98	1520
37.99	1562
38.0	1594
38.01	1600
38.02	1639
38.03	1666
38.04	1671
38.05	1701
38.06	1748
38.07	1752
38.08	1783
38.09	1823
38.1	1876
38.11	1956
38.12	2033
38.13	2072
38.14	2093
38.15	2101
38.16	2192
38.17	2263
38.18	2335
38.19	2449
38.2	2541
38.21	2547
38.22	2592
38.23	2721
38.24	2849
38.25	2938
38.26	3052
38.27	3149
38.28	3285
38.29	3460
38.3	3601
38.31	3806
38.32	4011
38.33	4129
38.34	4343
38.35	4582
38.36	4851
38.37	5090
38.38	5383
38.39	5751
38.4	6062
38.41	6396
38.42	6841
38.43	7237
38.44	7647
38.45	8139
38.46	8639
38.47	9271
38.48	9848
38.49	10337
38.5	11044
38.51	11778
38.52	12539
38.53	13306
38.54	14053
38.55	15040
38.56	15981
38.57	16846
38.58	17798
38.59	18973
38.6	19965
38.61	20800
38.62	21732
38.63	22746
38.64	23690
38.65	24467
38.66	25223
38.67	26039
38.68	26681
38.69	27073
38.7	27518
38.71	27806
38.72	27942
38.73	27915
38.74	27942
38.75	27870
38.76	27442
38.77	26871
38.78	26276
38.79	25730
38.8	24787
38.81	23914
38.82	22982
38.83	21943
38.84	20868
38.85	19881
38.86	18866
38.87	17819
38.88	16750
38.89	15765
38.9	14704
38.91	13675
38.92	12781
38.93	11947
38.94	11189
38.95	10385
38.96	9737
38.97	9060
38.98	8443
38.99	7896
39.0	7325
39.01	6783
39.02	6324
39.03	5931
39.04	5584
39.05	5259
39.06	4979
39.07	4740
39.08	4473
39.09	4189
39.1	3964
39.11	3758
39.12	3615
39.13	3466
39.14	3304
39.15	3145
39.16	3013
39.17	2856
39.18	2731
39.19	2648
39.2	2540
39.21	2456
39.22	2387
39.23	2352
39.24	2275
39.25	2190
39.26	2131
39.27	2039
39.28	1966
39.29	1909
39.3	1887
39.31	1840
39.32	1793
39.33	1782
39.34	1722
39.35	1665
39.36	1662
39.37	1632
39.38	1618
39.39	1569
39.4	1544
39.41	1540
39.42	1505
39.43	1481
39.44	1472
39.45	1444
39.46	1405
39.47	1388
39.48	1405
39.49	1371
39.5	1344
39.51	1338
39.52	1315
39.53	1328
39.54	1337
39.55	1292
39.56	1282
39.57	1264
39.58	1246
39.59	1211
39.6	1171
39.61	1179
39.62	1212
39.63	1181
39.64	1157
39.65	1129
39.66	1113
39.67	1155
39.68	1169
39.69	1153
39.7	1125
39.71	1119
39.72	1137
39.73	1152
39.74	1147
39.75	1120
39.76	1124
39.77	1142
39.78	1096
39.79	1090
39.8	1111
39.81	1121
39.82	1083
39.83	1045
39.84	1068
39.85	1088
39.86	1099
39.87	1123
39.88	1072
39.89	1043
39.9	1068
39.91	1057
39.92	1041
39.93	1012
39.94	1010
39.95	1028
39.96	1040
39.97	1027
39.98	1015
39.99	1047
40.0	1042
40.01	1037
40.02	1044
40.03	1029
40.04	1043
40.05	1056
40.06	1007
40.07	1002
40.08	1010
40.09	1014
40.1	1037
40.11	1046
40.12	1014
40.13	989
40.14	956
40.15	978
40.16	999
40.17	976
40.18	984
40.19	977
40.2	972
40.21	1007
40.22	978
40.23	981
40.24	966
40.25	965
40.26	945
40.27	958
40.28	999
40.29	987
40.3	998
40.31	1006
40.32	991
40.33	969
40.34	974
40.35	985
40.36	973
40.37	971
40.38	992
40.39	984
40.4	945
40.41	945
40.42	962
40.43	967
40.44	943
40.45	945
40.46	922
40.47	918
40.48	949
40.49	945
40.5	912
40.51	920
40.52	927
40.53	928
40.54	902
40.55	874
40.56	901
40.57	951
40.58	964
40.59	933
40.6	916
40.61	945
40.62	924
40.63	928
40.64	912
40.65	922
40.66	919
40.67	893
40.68	899
40.69	937
40.7	946
40.71	922
40.72	932
40.73	936
40.74	933
40.75	930
40.76	934
40.77	893
40.78	908
40.79	930
40.8	912
40.81	927
40.82	900
40.83	857
40.84	868
40.85	896
40.86	894
40.87	876
40.88	886
40.89	902
40.9	902
40.91	863
40.92	856
40.93	863
40.94	869
40.95	885
40.96	883
40.97	903
40.98	885
40.99	873
41.0	870
41.01	870
41.02	898
41.03	893
41.04	907
41.05	912
41.06	886
41.07	834
41.08	886
41.09	881
41.1	916
41.11	876
41.12	870
41.13	882
41.14	872
41.15	853
41.16	896
41.17	893
41.18	888
41.19	884
41.2	883
41.21	903
41.22	916
41.23	910
41.24	903
41.25	886
41.26	864
41.27	907
41.28	908
41.29	932
41.3	898
41.31	870
41.32	849
41.33	869
41.34	867
41.35	890
41.36	889
41.37	860
41.38	833
41.39	838
41.4	872
41.41	877
41.42	862
41.43	853
41.44	884
41.45	913
41.46	861
41.47	883
41.48	866
41.49	861
41.5	866
41.51	856
41.52	849
41.53	833
41.54	823
41.55	848
41.56	844
41.57	862
41.58	899
41.59	883
41.6	838
41.61	821
41.62	825
41.63	811
41.64	839
41.65	828
41.66	850
41.67	861
41.68	873
41.69	858
41.7	878
41.71	862
41.72	851
41.73	829
41.74	866
41.75	845
41.76	895
41.77	879
41.78	871
41.79	871
41.8	889
41.81	886
41.82	865
41.83	850
41.84	829
41.85	839
41.86	821
41.87	863
41.88	870
41.89	825
41.9	847
41.91	833
41.92	884
41.93	827
41.94	844
41.95	864
41.96	908
41.97	855
41.98	870
41.99	873
42.0	859
42.01	865
42.02	882
42.03	895
42.04	864
42.05	870
42.06	839
42.07	863
42.08	870
42.09	919
42.1	885
42.11	833
42.12	892
42.13	865
42.14	899
42.15	891
42.16	869
42.17	849
42.18	865
42.19	860
42.2	882
42.21	883
42.22	866
42.23	894
42.24	901
42.25	875
42.26	901
42.27	869
42.28	878
42.29	896
42.3	899
42.31	921
42.32	897
42.33	902
42.34	862
42.35	865
42.36	846
42.37	852
42.38	859
42.39	866
42.4	898
42.41	889
42.42	866
42.43	871
42.44	883
42.45	877
42.46	875
42.47	885
42.48	900
42.49	842
42.5	827
42.51	853
42.52	879
42.53	879
42.54	867
42.55	867
42.56	873
42.57	905
42.58	857
42.59	868
42.6	885
42.61	829
42.62	865
42.63	912
42.64	898
42.65	886
42.66	912
42.67	896
42.68	847
42.69	858
42.7	901
42.71	864
42.72	874
42.73	873
42.74	864
42.75	904
42.76	875
42.77	879
42.78	901
42.79	842
42.8	851
42.81	893
42.82	902
42.83	869
42.84	903
42.85	886
42.86	859
42.87	852
42.88	890
42.89	919
42.9	910
42.91	918
42.92	877
42.93	876
42.94	869
42.95	911
42.96	932
42.97	897
42.98	878
42.99	923
43.0	897
43.01	952
43.02	928
43.03	908
43.04	946
43.05	966
43.06	892
43.07	902
43.08	931
43.09	915
43.1	972
43.11	987
43.12	937
43.13	950
43.14	951
43.15	952
43.16	958
43.17	943
43.18	942
43.19	936
43.2	962
43.21	1006
43.22	1013
43.23	1006
43.24	1019
43.25	1027
43.26	1035
43.27	1021
43.28	1010
43.29	1045
43.3	1054
43.31	1052
43.32	1015
43.33	1020
43.34	1027
43.35	1082
43.36	1064
43.37	1064
43.38	1110
43.39	1125
43.4	1128
43.41	1125
43.42	1140
43.43	1106
43.44	1099
43.45	1115
43.46	1155
43.47	1141
43.48	1139
43.49	1141
43.5	1171
43.51	1183
43.52	1197
43.53	1181
43.54	1175
43.55	1181
43.56	1186
43.57	1190
43.58	1231
43.59	1231
43.6	1210
43.61	1237
43.62	1225
43.63	1243
43.64	1282
43.65	1211
43.66	1202
43.67	1232
43.68	1281
43.69	1321
43.7	1301
43.71	1246
43.72	1249
43.73	1258
43.74	1259
43.75	1293
43.76	1310
43.77	1323
43.78	1304
43.79	1346
43.8	1372
43.81	1373
43.82	1370
43.83	1396
43.84	1349
43.85	1327
43.86	1377
43.87	1382
43.88	1404
43.89	1405
43.9	1394
43.91	1413
43.92	1416
43.93	1425
43.94	1408
43.95	1441
43.96	1482
43.97	1470
43.98	1490
43.99	1515
44.0	1514
44.01	1533
44.02	1536
44.03	1550
44.04	1541
44.05	1578
44.06	1659
44.07	1650
44.08	1637
44.09	1667
44.1	1708
44.11	1720
44.12	1681
44.13	1693
44.14	1722
44.15	1803
44.16	1866
44.17	1882
44.18	1862
44.19	1874
44.2	1880
44.21	1938
44.22	1984
44.23	2064
44.24	2073
44.25	2164
44.26	2179
44.27	2210
44.28	2245
44.29	2288
44.3	2355
44.31	2404
44.32	2462
44.33	2556
44.34	2635
44.35	2729
44.36	2801
44.37	2878
44.38	2933
44.39	2981
44.4	3019
44.41	3154
44.42	3295
44.43	3400
44.44	3451
44.45	3521
44.46	3699
44.47	3816
44.48	3928
44.49	4136
44.5	4268
44.51	4422
44.52	4599
44.53	4754
44.54	4892
44.55	5155
44.56	5435
44.57	5616
44.58	5908
44.59	6146
44.6	6358
44.61	6614
44.62	6982
44.63	7318
44.64	7581
44.65	7873
44.66	8215
44.67	8605
44.68	9010
44.69	9407
44.7	9918
44.71	10327
44.72	10917
44.73	11357
44.74	11920
44.75	12534
44.76	13122
44.77	13733
44.78	14326
44.79	15008
44.8	15729
44.81	16436
44.82	17240
44.83	17946
44.84	18695
44.85	19391
44.86	20070
44.87	20813
44.88	21688
44.89	22375
44.9	23059
44.91	23850
44.92	24425
44.93	25148
44.94	25717
44.95	26310
44.96	26728
44.97	27190
44.98	27743
44.99	28133
45.0	28331
45.01	28484
45.02	28663
45.03	28815
45.04	28695
45.05	28650
45.06	28265
45.07	27994
45.08	27639
45.09	27123
45.1	26519
45.11	26013
45.12	25643
45.13	24924
45.14	24049
45.15	23331
45.16	22654
45.17	22004
45.18	21163
45.19	20434
45.2	19767
45.21	18964
45.22	18230
45.23	17450
45.24	16558
45.25	15738
45.26	14987
45.27	14434
45.28	13667
45.29	12885
45.3	12305
45.31	11584
45.32	11098
45.33	10630
45.34	10030
45.35	9556
45.36	9144
45.37	8683
45.38	8306
45.39	7943
45.4	7583
45.41	7100
45.42	6683
45.43	6444
45.44	6206
45.45	5962
45.46	5659
45.47	5398
45.48	5089
45.49	4927
45.5	4772
45.51	4577
45.52	4441
45.53	4241
45.54	4128
45.55	3963
45.56	3795
45.57	3696
45.58	3540
45.59	3394
45.6	3277
45.61	3158
45.62	3077
45.63	3012
45.64	2902
45.65	2782
45.66	2710
45.67	2683
45.68	2606
45.69	2520
45.7	2431
45.71	2324
45.72	2285
45.73	2268
45.74	2252
45.75	2213
45.76	2170
45.77	2091
45.78	2015
45.79	1963
45.8	1943
45.81	1911
45.82	1858
45.83	1839
45.84	1780
45.85	1715
45.86	1699
45.87	1708
45.88	1681
45.89	1649
45.9	1606
45.91	1580
45.92	1571
45.93	1533
45.94	1545
45.95	1573
45.96	1514
45.97	1490
45.98	1520
45.99	1498
46.0	1445
46.01	1393
46.02	1369
46.03	1393
46.04	1382
46.05	1363
46.06	1335
46.07	1340
46.08	1327
46.09	1278
46.1	1269
46.11	1283
46.12	1292
46.13	1285
46.14	1267
46.15	1261
46.16	1262
46.17	1251
46.18	1237
46.19	1207
46.2	1173
46.21	1166
46.22	1166
46.23	1153
46.24	1147
46.25	1160
46.26	1170
46.27	1178
46.28	1165
46.29	1131
46.3	1113
46.31	1149
46.32	1145
46.33	1125
46.34	1117
46.35	1104
46.36	1102
46.37	1111
46.38	1092
46.39	1068
46.4	1059
46.41	1042
46.42	1039
46.43	1028
46.44	1019
46.45	1006
46.46	1016
46.47	1024
46.48	1033
46.49	1049
46.5	1045
46.51	1039
46.52	1040
46.53	1040
46.54	1034
46.55	1018
46.56	997
46.57	1004
46.58	1007
46.59	1039
46.6	1018
46.61	976
46.62	972
46.63	983
46.64	988
46.65	1001
46.66	1010
46.67	1014
46.68	989
46.69	977
46.7	986
46.71	987
46.72	966
46.73	955
46.74	988
46.75	986
46.76	960
46.77	937
46.78	959
46.79	939
46.8	958
46.81	964
46.82	937
46.83	941
46.84	914
46.85	926
46.86	945
46.87	962
46.88	948
46.89	910
46.9	937
46.91	956
46.92	933
46.93	926
46.94	918
46.95	922
46.96	930
46.97	938
46.98	941
46.99	943
47.0	925
47.01	929
47.02	927
47.03	923
47.04	907
47.05	888
47.06	880
47.07	889
47.08	884
47.09	880
47.1	889
47.11	881
47.12	878
47.13	864
47.14	887
47.15	888
47.16	864
47.17	859
47.18	861
47.19	904
47.2	922
47.21	865
47.22	879
47.23	920
47.24	900
47.25	876
47.26	878
47.27	876
47.28	856
47.29	850
47.3	858
47.31	865
47.32	884
47.33	899
47.34	888
47.35	871
47.36	870
47.37	869
47.38	875
47.39	853
47.4	810
47.41	850
47.42	863
47.43	854
47.44	822
47.45	837
47.46	851
47.47	847
47.48	853
47.49	859
47.5	836
47.51	834
47.52	847
47.53	845
47.54	837
47.55	854
47.56	869
47.57	852
47.58	813
47.59	803
47.6	827
47.61	852
47.62	864
47.63	835
47.64	812
47.65	793
47.66	800
47.67	829
47.68	844
47.69	844
47.7	836
47.71	830
47.72	819
47.73	817
47.74	791
47.75	775
47.76	807
47.77	842
47.78	824
47.79	822
47.8	857
47.81	871
47.82	831
47.83	799
47.84	818
47.85	814
47.86	811
47.87	820
47.88	827
47.89	846
47.9	834
47.91	837
47.92	854
47.93	843
47.94	833
47.95	837
47.96	834
47.97	824
47.98	820
47.99	843
48.0	867
48.01	845
48.02	815
48.03	822
48.04	830
48.05	799
48.06	792
48.07	808
48.08	805
48.09	821
48.1	818
48.11	806
48.12	815
48.13	829
48.14	825
48.15	807
48.16	808
48.17	802
48.18	806
48.19	818
48.2	810
48.21	789
48.22	793
48.23	810
48.24	805
48.25	787
48.26	777
48.27	777
48.28	773
48.29	787
48.3	767
48.31	766
48.32	807
48.33	840
48.34	829
48.35	801
48.36	802
48.37	810
48.38	806
48.39	802
48.4	802
48.41	794
48.42	777
48.43	788
48.44	808
48.45	799
48.46	794
48.47	793
48.48	773
48.49	763
48.5	766
48.51	771
48.52	755
48.53	773
48.54	813
48.55	799
48.56	780
48.57	793
48.58	779
48.59	774
48.6	794
48.61	807
48.62	795
48.63	786
48.64	800
48.65	788
48.66	757
48.67	760
48.68	784
48.69	792
48.7	793
48.71	793
48.72	781
48.73	775
48.74	766
48.75	778
48.76	771
48.77	751
48.78	752
48.79	766
48.8	781
48.81	777
48.82	766
48.83	774
48.84	780
48.85	769
48.86	767
48.87	780
48.88	778
48.89	769
48.9	793
48.91	798
48.92	787
48.93	791
48.94	787
48.95	795
48.96	799
48.97	801
48.98	818
48.99	791
49.0	769
49.01	797
49.02	814
49.03	791
49.04	777
49.05	784
49.06	779
49.07	766
49.08	765
49.09	786
49.1	793
49.11	796
49.12	809
49.13	798
49.14	793
49.15	801
49.16	801
49.17	784
49.18	765
49.19	777
49.2	799
49.21	800
49.22	814
49.23	812
49.24	778
49.25	773
49.26	795
49.27	795
49.28	781
49.29	788
49.3	802
49.31	810
49.32	794
49.33	785
49.34	788
49.35	779
49.36	770
49.37	775
49.38	773
49.39	794
49.4	805
49.41	797
49.42	802
49.43	776
49.44	753
49.45	763
49.46	786
49.47	803
49.48	778
49.49	755
49.5	752
49.51	745
49.52	733
49.53	737
49.54	746
49.55	760
49.56	738
49.57	744
49.58	793
49.59	782
49.6	751
49.61	757
49.62	773
49.63	767
49.64	746
49.65	737
49.66	749
49.67	770
49.68	773
49.69	770
49.7	770
49.71	777
49.72	783
49.73	765
49.74	741
49.75	734
49.76	764
49.77	785
49.78	766
49.79	754
49.8	757
49.81	764
49.82	753
49.83	731
49.84	734
49.85	745
49.86	752
49.87	746
49.88	741
49.89	743
49.9	754
49.91	759
49.92	761
49.93	758
49.94	772
49.95	777
49.96	726
49.97	709
49.98	740
49.99	770
50.0	790
50.01	751
50.02	708
50.03	707
50.04	723
50.05	733
50.06	722
50.07	735
50.08	746
50.09	738
50.1	732
50.11	732
50.12	722
50.13	739
50.14	772
50.15	773
50.16	766
50.17	759
50.18	734
50.19	724
50.2	724
50.21	728
50.22	747
50.23	759
50.24	767
50.25	761
50.26	725
50.27	714
50.28	742
50.29	736
50.3	732
50.31	751
50.32	762
50.33	767
50.34	772
50.35	784
50.36	787
50.37	771
50.38	750
50.39	756
50.4	755
50.41	736
50.42	754
50.43	773
50.44	758
50.45	756
50.46	746
50.47	728
50.48	735
50.49	740
50.5	743
50.51	750
50.52	746
50.53	740
50.54	751
50.55	767
50.56	749
50.57	720
50.58	702
50.59	690
50.6	702
50.61	719
50.62	707
50.63	701
50.64	719
50.65	736
50.66	734
50.67	722
50.68	709
50.69	721
50.7	734
50.71	726
50.72	736
50.73	746
50.74	743
50.75	730
50.76	711
50.77	696
50.78	684
50.79	693
50.8	698
50.81	701
50.82	706
50.83	696
50.84	719
50.85	750
50.86	737
50.87	709
50.88	704
50.89	720
50.9	735
50.91	724
50.92	708
50.93	706
50.94	718
50.95	750
50.96	771
50.97	755
50.98	741
50.99	732
51.0	727
51.01	716
51.02	699
51.03	704
51.04	719
51.05	705
51.06	681
51.07	699
51.08	710
51.09	711
51.1	711
51.11	693
51.12	680
51.13	693
51.14	701
51.15	696
51.16	703
51.17	709
51.18	703
51.19	701
51.2	714
51.21	706
51.22	685
51.23	705
51.24	717
51.25	701
51.26	705
51.27	709
51.28	713
51.29	724
51.3	722
51.31	705
51.32	697
51.33	682
51.34	666
51.35	686
51.36	710
51.37	712
51.38	704
51.39	694
51.4	691
51.41	676
51.42	683
51.43	709
51.44	699
51.45	691
51.46	698
51.47	705
51.48	702
51.49	691
51.5	701
51.51	701
51.52	686
51.53	706
51.54	738
51.55	724
51.56	708
51.57	707
51.58	691
51.59	681
51.6	695
51.61	701
51.62	693
51.63	688
51.64	701
51.65	702
51.66	682
51.67	685
51.68	706
51.69	698
51.7	695
51.71	721
51.72	730
51.73	716
51.74	708
51.75	683
51.76	676
51.77	676
51.78	668
51.79	680
51.8	696
51.81	711
51.82	702
51.83	681
51.84	683
51.85	688
51.86	698
51.87	697
51.88	691
51.89	680
51.9	660
51.91	662
51.92	674
51.93	676
51.94	673
51.95	652
51.96	644
51.97	671
51.98	692
51.99	690
52.0	699
52.01	698
52.02	663
52.03	645
52.04	669
52.05	705
52.06	697
52.07	691
52.08	688
52.09	668
52.1	657
52.11	653
52.12	679
52.13	722
52.14	724
52.15	691
52.16	688
52.17	700
52.18	697
52.19	689
52.2	679
52.21	662
52.22	655
52.23	672
52.24	674
52.25	653
52.26	637
52.27	647
52.28	664
52.29	660
52.3	665
52.31	692
52.32	704
52.33	694
52.34	677
52.35	679
52.36	685
52.37	664
52.38	645
52.39	640
52.4	639
52.41	640
52.42	647
52.43	679
52.44	700
52.45	693
52.46	668
52.47	652
52.48	675
52.49	691
52.5	683
52.51	676
52.52	650
52.53	654
52.54	664
52.55	659
52.56	683
52.57	703
52.58	677
52.59	635
52.6	643
52.61	676
52.62	683
52.63	685
52.64	682
52.65	685
52.66	685
52.67	678
52.68	684
52.69	660
52.7	651
52.71	657
52.72	647
52.73	645
52.74	643
52.75	654
52.76	669
52.77	685
52.78	688
52.79	685
52.8	684
52.81	677
52.82	664
52.83	656
52.84	663
52.85	674
52.86	671
52.87	677
52.88	676
52.89	654
52.9	659
52.91	668
52.92	660
52.93	674
52.94	687
52.95	670
52.96	648
52.97	650
52.98	653
52.99	653
53.0	656
53.01	678
53.02	683
53.03	670
53.04	670
53.05	671
53.06	669
53.07	662
53.08	648
53.09	655
53.1	645
53.11	623
53.12	621
53.13	651
53.14	668
53.15	638
53.16	645
53.17	661
53.18	652
53.19	665
53.2	676
53.21	680
53.22	662
53.23	678
53.24	694
53.25	680
53.26	684
53.27	691
53.28	673
53.29	644
53.3	642
53.31	662
53.32	681
53.33	690
53.34	670
53.35	644
53.36	633
53.37	647
53.38	675
53.39	678
53.4	666
53.41	641
53.42	637
53.43	639
53.44	654
53.45	662
53.46	649
53.47	651
53.48	664
53.49	667
53.5	666
53.51	661
53.52	649
53.53	648
53.54	647
53.55	656
53.56	689
53.57	689
53.58	670
53.59	684
53.6	672
53.61	669
53.62	685
53.63	687
53.64	667
53.65	637
53.66	629
53.67	638
53.68	635
53.69	641
53.7	641
53.71	632
53.72	645
53.73	665
53.74	681
53.75	679
53.76	652
53.77	636
53.78	650
53.79	654
53.8	650
53.81	640
53.82	661
53.83	679
53.84	666
53.85	665
53.86	660
53.87	659
53.88	662
53.89	642
53.9	642
53.91	663
53.92	663
53.93	650
53.94	660
53.95	663
53.96	654
53.97	654
53.98	663
53.99	656
54.0	660
54.01	670
54.02	667
54.03	659
54.04	685
54.05	677
54.06	634
54.07	645
54.08	688
54.09	694
54.1	680
54.11	669
54.12	650
54.13	648
54.14	661
54.15	660
54.16	691
54.17	696
54.18	660
54.19	649
54.2	640
54.21	652
54.22	663
54.23	662
54.24	650
54.25	665
54.26	656
54.27	650
54.28	640
54.29	618
54.3	632
54.31	665
54.32	671
54.33	669
54.34	663
54.35	649
54.36	629
54.37	620
54.38	637
54.39	647
54.4	632
54.41	620
54.42	623
54.43	633
54.44	635
54.45	659
54.46	683
54.47	670
54.48	666
54.49	665
54.5	658
54.51	652
54.52	652
54.53	664
54.54	651
54.55	638
54.56	643
54.57	644
54.58	645
54.59	650
54.6	652
54.61	667
54.62	667
54.63	661
54.64	625
54.65	633
54.66	663
54.67	658
54.68	662
54.69	662
54.7	676
54.71	675
54.72	639
54.73	634
54.74	645
54.75	660
54.76	675
54.77	665
54.78	654
54.79	648
54.8	647
54.81	670
54.82	677
54.83	659
54.84	661
54.85	658
54.86	649
54.87	648
54.88	657
54.89	674
54.9	672
54.91	663
54.92	653
54.93	657
54.94	651
54.95	637
54.96	649
54.97	653
54.98	657
54.99	668
55.0	646
55.01	630
55.02	630
55.03	641
55.04	643
55.05	635
55.06	635
55.07	636
55.08	631
55.09	630
55.1	643
55.11	643
55.12	635
55.13	641
55.14	650
55.15	650
55.16	663
55.17	687
55.18	685
55.19	645
55.2	642
55.21	667
55.22	667
55.23	644
55.24	636
55.25	661
55.26	671
55.27	647
55.28	625
55.29	642
55.3	652
55.31	663
55.32	660
55.33	657
55.34	648
55.35	653
55.36	663
55.37	648
55.38	627
55.39	622
55.4	622
55.41	647
55.42	642
55.43	619
55.44	636
55.45	637
55.46	631
55.47	631
55.48	640
55.49	631
55.5	638
55.51	636
55.52	629
55.53	655
55.54	667
55.55	660
55.56	644
55.57	651
55.58	649
55.59	647
55.6	646
55.61	646
55.62	635
55.63	629
55.64	623
55.65	621
55.66	632
55.67	626
55.68	643
55.69	651
55.7	657
55.71	649
55.72	636
55.73	611
55.74	622
55.75	618
55.76	621
55.77	657
55.78	660
55.79	658
55.8	646
55.81	630
55.82	637
55.83	648
55.84	638
55.85	641
55.86	655
55.87	653
55.88	644
55.89	651
55.9	646
55.91	650
55.92	623
55.93	610
55.94	622
55.95	667
55.96	648
55.97	618
55.98	624
55.99	638
56.0	644
56.01	631
56.02	620
56.03	613
56.04	630
56.05	641
56.06	644
56.07	655
56.08	651
56.09	654
56.1	660
56.11	658
56.12	654
56.13	653
56.14	630
56.15	625
56.16	620
56.17	644
56.18	650
56.19	626
56.2	632
56.21	651
56.22	662
56.23	653
56.24	651
56.25	654
56.26	622
56.27	636
56.28	658
56.29	640
56.3	637
56.31	648
56.32	661
56.33	652
56.34	661
56.35	651
56.36	633
56.37	634
56.38	649
56.39	652
56.4	652
56.41	655
56.42	654
56.43	635
56.44	620
56.45	628
56.46	642
56.47	646
56.48	653
56.49	632
56.5	647
56.51	655
56.52	629
56.53	614
56.54	643
56.55	651
56.56	632
56.57	632
56.58	627
56.59	638
56.6	675
56.61	676
56.62	651
56.63	627
56.64	630
56.65	635
56.66	617
56.67	616
56.68	628
56.69	640
56.7	631
56.71	635
56.72	651
56.73	625
56.74	628
56.75	637
56.76	631
56.77	636
56.78	652
56.79	661
56.8	650
56.81	672
56.82	675
56.83	645
56.84	643
56.85	636
56.86	623
56.87	643
56.88	648
56.89	651
56.9	647
56.91	651
56.92	644
56.93	641
56.94	667
56.95	667
56.96	638
56.97	620
56.98	613
56.99	615
57.0	617
57.01	625
57.02	627
57.03	639
57.04	643
57.05	630
57.06	631
57.07	644
57.08	650
57.09	654
57.1	645
57.11	634
57.12	633
57.13	636
57.14	647
57.15	656
57.16	652
57.17	634
57.18	638
57.19	642
57.2	645
57.21	660
57.22	675
57.23	676
57.24	653
57.25	640
57.26	633
57.27	643
57.28	658
57.29	676
57.3	671
57.31	642
57.32	645
57.33	660
57.34	657
57.35	646
57.36	638
57.37	620
57.38	633
57.39	627
57.4	638
57.41	672
57.42	681
57.43	683
57.44	676
57.45	677
57.46	661
57.47	658
57.48	664
57.49	663
57.5	668
57.51	683
57.52	670
57.53	634
57.54	637
57.55	652
57.56	656
57.57	652
57.58	643
57.59	654
57.6	679
57.61	662
57.62	662
57.63	656
57.64	662
57.65	652
57.66	650
57.67	651
57.68	654
57.69	652
57.7	650
57.71	660
57.72	664
57.73	663
57.74	639
57.75	641
57.76	640
57.77	638
57.78	635
57.79	649
57.8	660
57.81	649
57.82	620
57.83	633
57.84	667
57.85	697
57.86	680
57.87	674
57.88	673
57.89	667
57.9	656
57.91	667
57.92	666
57.93	653
57.94	651
57.95	653
57.96	650
57.97	635
57.98	629
57.99	638
58.0	629
58.01	625
58.02	633
58.03	606
58.04	607
58.05	609
58.06	614
58.07	606
58.08	628
58.09	632
58.1	641
58.11	661
58.12	657
58.13	658
58.14	657
58.15	632
58.16	635
58.17	649
58.18	657
58.19	666
58.2	640
58.21	665
58.22	685
58.23	660
58.24	681
58.25	651
58.26	649
58.27	656
58.28	633
58.29	623
58.3	647
58.31	645
58.32	646
58.33	647
58.34	648
58.35	651
58.36	662
58.37	663
58.38	660
58.39	655
58.4	665
58.41	647
58.42	632
58.43	654
58.44	654
58.45	676
58.46	668
58.47	642
58.48	656
58.49	661
58.5	645
58.51	648
58.52	650
58.53	654
58.54	679
58.55	656
58.56	660
58.57	663
58.58	637
58.59	648
58.6	679
58.61	702
58.62	678
58.63	647
58.64	644
58.65	633
58.66	663
58.67	660
58.68	654
58.69	649
58.7	641
58.71	629
58.72	629
58.73	641
58.74	649
58.75	662
58.76	658
58.77	624
58.78	635
58.79	647
58.8	619
58.81	618
58.82	650
58.83	657
58.84	631
58.85	642
58.86	655
58.87	637
58.88	645
58.89	639
58.9	627
58.91	636
58.92	641
58.93	641
58.94	643
58.95	653
58.96	676
58.97	667
58.98	653
58.99	654
59.0	656
59.01	661
59.02	639
59.03	649
59.04	675
59.05	664
59.06	641
59.07	635
59.08	634
59.09	646
59.1	645
59.11	635
59.12	625
59.13	630
59.14	632
59.15	627
59.16	645
59.17	642
59.18	648
59.19	639
59.2	645
59.21	663
59.22	643
59.23	657
59.24	654
59.25	635
59.26	625
59.27	642
59.28	666
59.29	643
59.3	656
59.31	625
59.32	652
59.33	675
59.34	661
59.35	645
59.36	629
59.37	633
59.38	623
59.39	637
59.4	665
59.41	657
59.42	673
59.43	691
59.44	661
59.45	628
59.46	646
59.47	648
59.48	657
59.49	664
59.5	656
59.51	644
59.52	613
59.53	627
59.54	658
59.55	646
59.56	640
59.57	650
59.58	639
59.59	627
59.6	655
59.61	670
59.62	654
59.63	689
59.64	677
59.65	635
59.66	634
59.67	664
59.68	649
59.69	607
59.7	631
59.71	631
59.72	646
59.73	649
59.74	638
59.75	630
59.76	668
59.77	651
59.78	643
59.79	669
59.8	644
59.81	640
59.82	650
59.83	637
59.84	632
59.85	655
59.86	664
59.87	673
59.88	688
59.89	682
59.9	658
59.91	687
59.92	681
59.93	680
59.94	654
59.95	636
59.96	640
59.97	634
59.98	647
59.99	648
60.0	666
60.01	634
60.02	652
60.03	683
60.04	688
60.05	690
60.06	691
60.07	686
60.08	693
60.09	684
60.1	680
60.11	677
60.12	661
60.13	665
60.14	674
60.15	678
60.16	668
60.17	665
60.18	663
60.19	642
60.2	629
60.21	685
60.22	689
60.23	673
60.24	660
60.25	664
60.26	650
60.27	648
60.28	653
60.29	681
60.3	706
60.31	665
60.32	638
60.33	638
60.34	658
60.35	666
60.36	672
60.37	649
60.38	617
60.39	633
60.4	661
60.41	670
60.42	649
60.43	626
60.44	649
60.45	660
60.46	670
60.47	664
60.48	663
60.49	639
60.5	630
60.51	659
60.52	658
60.53	664
60.54	659
60.55	670
60.56	665
60.57	624
60.58	636
60.59	659
60.6	627
60.61	654
60.62	648
60.63	663
60.64	671
60.65	664
60.66	653
60.67	663
60.68	662
60.69	654
60.7	652
60.71	665
60.72	682
60.73	668
60.74	662
60.75	676
60.76	675
60.77	647
60.78	660
60.79	645
60.8	635
60.81	662
60.82	667
60.83	658
60.84	647
60.85	629
60.86	667
60.87	651
60.88	654
60.89	661
60.9	644
60.91	627
60.92	660
60.93	656
60.94	630
60.95	662
60.96	662
60.97	646
60.98	641
60.99	640
61.0	672
61.01	675
61.02	681
61.03	649
61.04	624
61.05	655
61.06	660
61.07	661
61.08	676
61.09	690
61.1	680
61.11	669
61.12	661
61.13	676
61.14	677
61.15	683
61.16	670
61.17	668
61.18	673
61.19	638
61.2	641
61.21	653
61.22	687
61.23	682
61.24	670
61.25	655
61.26	666
61.27	672
61.28	648
61.29	651
61.3	632
61.31	641
61.32	675
61.33	664
61.34	653
61.35	655
61.36	655
61.37	674
61.38	662
61.39	665
61.4	652
61.41	673
61.42	658
61.43	665
61.44	641
61.45	690
61.46	675
61.47	679
61.48	687
61.49	668
61.5	638
61.51	608
61.52	613
61.53	648
61.54	634
61.55	640
61.56	653
61.57	656
61.58	656
61.59	667
61.6	659
61.61	647
61.62	640
61.63	682
61.64	652
61.65	623
61.66	633
61.67	638
61.68	663
61.69	673
61.7	673
61.71	685
61.72	660
61.73	664
61.74	647
61.75	652
61.76	648
61.77	648
61.78	645
61.79	674
61.8	670
61.81	653
61.82	656
61.83	671
61.84	679
61.85	660
61.86	642
61.87	675
61.88	688
61.89	686
61.9	694
61.91	698
61.92	664
61.93	657
61.94	691
61.95	695
61.96	670
61.97	657
61.98	651
61.99	652
62.0	675
62.01	687
62.02	669
62.03	667
62.04	650
62.05	675
62.06	668
62.07	648
62.08	640
62.09	677
62.1	692
62.11	700
62.12	668
62.13	659
62.14	640
62.15	653
62.16	677
62.17	687
62.18	674
62.19	661
62.2	673
62.21	654
62.22	655
62.23	670
62.24	656
62.25	655
62.26	678
62.27	696
62.28	668
62.29	669
62.3	638
62.31	622
62.32	664
62.33	679
62.34	669
62.35	667
62.36	694
62.37	694
62.38	663
62.39	639
62.4	662
62.41	683
62.42	683
62.43	658
62.44	699
62.45	692
62.46	668
62.47	672
62.48	662
62.49	680
62.5	653
62.51	681
62.52	640
62.53	659
62.54	666
62.55	692
62.56	706
62.57	698
62.58	687
62.59	698
62.6	673
62.61	669
62.62	702
62.63	719
62.64	707
62.65	696
62.66	661
62.67	684
62.68	699
62.69	711
62.7	716
62.71	713
62.72	716
62.73	699
62.74	717
62.75	711
62.76	685
62.77	694
62.78	719
62.79	712
62.8	710
62.81	705
62.82	685
62.83	697
62.84	721
62.85	697
62.86	710
62.87	732
62.88	726
62.89	714
62.9	720
62.91	704
62.92	732
62.93	763
62.94	736
62.95	734
62.96	717
62.97	743
62.98	740
62.99	755
63.0	729
63.01	753
63.02	754
63.03	734
63.04	761
63.05	774
63.06	757
63.07	769
63.08	759
63.09	743
63.1	768
63.11	782
63.12	787
63.13	761
63.14	770
63.15	777
63.16	750
63.17	748
63.18	729
63.19	736
63.2	751
63.21	744
63.22	783
63.23	807
63.24	793
63.25	804
63.26	791
63.27	785
63.28	766
63.29	747
63.3	724
63.31	780
63.32	776
63.33	778
63.34	739
63.35	769
63.36	766
63.37	771
63.38	800
63.39	827
63.4	800
63.41	769
63.42	787
63.43	795
63.44	778
63.45	816
63.46	804
63.47	791
63.48	819
63.49	837
63.5	804
63.51	809
63.52	813
63.53	796
63.54	829
63.55	811
63.56	801
63.57	793
63.58	783
63.59	798
63.6	794
63.61	834
63.62	809
63.63	794
63.64	828
63.65	822
63.66	801
63.67	808
63.68	849
63.69	834
63.7	797
63.71	810
63.72	807
63.73	857
63.74	844
63.75	826
63.76	837
63.77	827
63.78	808
63.79	831
63.8	812
63.81	826
63.82	840
63.83	855
63.84	845
63.85	816
63.86	843
63.87	864
63.88	834
63.89	838
63.9	809
63.91	774
63.92	833
63.93	835
63.94	846
63.95	891
63.96	866
63.97	871
63.98	858
63.99	825
64.0	866
64.01	889
64.02	860
64.03	859
64.04	881
64.05	884
64.06	865
64.07	858
64.08	867
64.09	868
64.1	868
64.11	903
64.12	892
64.13	885
64.14	916
64.15	919
64.16	907
64.17	887
64.18	870
64.19	887
64.2	934
64.21	943
64.22	946
64.23	936
64.24	920
64.25	926
64.26	942
64.27	965
64.28	959
64.29	943
64.3	947
64.31	937
64.32	944
64.33	937
64.34	927
64.35	969
64.36	1047
64.37	997
64.38	977
64.39	1010
64.4	1022
64.41	1010
64.42	1009
64.43	1077
64.44	1089
64.45	1086
64.46	1069
64.47	1074
64.48	1092
64.49	1109
64.5	1125
64.51	1120
64.52	1098
64.53	1088
64.54	1134
64.55	1179
64.56	1208
64.57	1155
64.58	1188
64.59	1208
64.6	1191
64.61	1221
64.62	1250
64.63	1268
64.64	1264
64.65	1322
64.66	1309
64.67	1302
64.68	1348
64.69	1361
64.7	1393
64.71	1461
64.72	1457
64.73	1436
64.74	1509
64.75	1521
64.76	1488
64.77	1508
64.78	1565
64.79	1590
64.8	1612
64.81	1646
64.82	1680
64.83	1759
64.84	1781
64.85	1822
64.86	1861
64.87	1903
64.88	1920
64.89	2057
64.9	2101
64.91	2091
64.92	2109
64.93	2211
64.94	2322
64.95	2389
64.96	2413
64.97	2443
64.98	2575
64.99	2678
65.0	2728
65.01	2762
65.02	2898
65.03	2937
65.04	3056
65.05	3177
65.06	3214
65.07	3324
65.08	3512
65.09	3620
65.1	3710
65.11	3833
65.12	3983
65.13	4142
65.14	4288
65.15	4421
65.16	4576
65.17	4751
65.18	4948
65.19	5120
65.2	5235
65.21	5474
65.22	5664
65.23	5815
65.24	6141
65.25	6314
65.26	6512
65.27	6666
65.28	7050
65.29	7280
65.3	7515
65.31	7793
65.32	8046
65.33	8334
65.34	8561
65.35	8876
65.36	9221
65.37	9472
65.38	9559
65.39	9936
65.4	10255
65.41	10537
65.42	10834
65.43	11079
65.44	11264
65.45	11403
65.46	11478
65.47	11799
65.48	11939
65.49	12100
65.5	12178
65.51	12236
65.52	12344
65.53	12530
65.54	12426
65.55	12460
65.56	12387
65.57	12414
65.58	12504
65.59	12290
65.6	12211
65.61	12149
65.62	12062
65.63	11878
65.64	11726
65.65	11580
65.66	11341
65.67	11194
65.68	10971
65.69	10850
65.7	10496
65.71	10420
65.72	10005
65.73	9704
65.74	9492
65.75	9412
65.76	9108
65.77	8820
65.78	8459
65.79	8168
65.8	7974
65.81	7771
65.82	7365
65.83	7206
65.84	6894
65.85	6653
65.86	6455
65.87	6191
65.88	6022
65.89	5866
65.9	5695
65.91	5445
65.92	5156
65.93	5043
65.94	4842
65.95	4598
65.96	4455
65.97	4333
65.98	4115
65.99	3981
66.0	3897
66.01	3748
66.02	3583
66.03	3407
66.04	3327
66.05	3208
66.06	3135
66.07	3024
66.08	2994
66.09	2826
66.1	2723
66.11	2680
66.12	2569
66.13	2479
66.14	2469
66.15	2316
66.16	2217
66.17	2202
66.18	2179
66.19	2090
66.2	2000
66.21	1959
66.22	1956
66.23	1904
66.24	1841
66.25	1812
66.26	1774
66.27	1750
66.28	1694
66.29	1687
66.3	1641
66.31	1600
66.32	1515
66.33	1486
66.34	1523
66.35	1451
66.36	1416
66.37	1395
66.38	1381
66.39	1403
66.4	1393
66.41	1320
66.42	1302
66.43	1246
66.44	1237
66.45	1254
66.46	1258
66.47	1194
66.48	1206
66.49	1252
66.5	1229
66.51	1196
66.52	1162
66.53	1104
66.54	1116
66.55	1088
66.56	1111
66.57	1084
66.58	1050
66.59	1118
66.6	1103
66.61	1010
66.62	996
66.63	1032
66.64	1059
66.65	1041
66.66	1006
66.67	996
66.68	1022
66.69	1012
66.7	1002
66.71	995
66.72	990
66.73	954
66.74	956
66.75	923
66.76	939
66.77	960
66.78	947
66.79	931
66.8	922
66.81	928
66.82	917
66.83	913
66.84	904
66.85	901
66.86	900
66.87	923
66.88	906
66.89	893
66.9	885
66.91	917
66.92	927
66.93	853
66.94	856
66.95	875
66.96	871
66.97	856
66.98	855
66.99	834
67.0	835
67.01	851
67.02	824
67.03	830
67.04	811
67.05	849
67.06	837
67.07	837
67.08	847
67.09	842
67.1	800
67.11	808
67.12	830
67.13	845
67.14	821
67.15	780
67.16	787
67.17	819
67.18	826
67.19	814
67.2	797
67.21	785
67.22	787
67.23	806
67.24	805
67.25	762
67.26	772
67.27	801
67.28	787
67.29	749
67.3	795
67.31	771
67.32	789
67.33	810
67.34	786
67.35	752
67.36	764
67.37	779
67.38	756
67.39	758
67.4	795
67.41	785
67.42	770
67.43	752
67.44	797
67.45	770
67.46	747
67.47	773
67.48	780
67.49	766
67.5	784
67.51	796
67.52	735
67.53	761
67.54	790
67.55	735
67.56	725
67.57	719
67.58	754
67.59	785
67.6	792
67.61	753
67.62	750
67.63	735
67.64	715
67.65	718
67.66	735
67.67	763
67.68	763
67.69	748
67.7	736
67.71	720
67.72	742
67.73	737
67.74	701
67.75	721
67.76	751
67.77	740
67.78	762
67.79	770
67.8	753
67.81	739
67.82	757
67.83	768
67.84	754
67.85	719
67.86	695
67.87	685
67.88	718
67.89	706
67.9	730
67.91	754
67.92	747
67.93	715
67.94	725
67.95	737
67.96	718
67.97	683
67.98	708
67.99	721
68.0	704
68.01	738
68.02	747
68.03	723
68.04	732
68.05	743
68.06	720
68.07	713
68.08	719
68.09	711
68.1	698
68.11	704
68.12	718
68.13	710
68.14	712
68.15	693
68.16	694
68.17	696
68.18	714
68.19	689
68.2	694
68.21	716
68.22	714
68.23	732
68.24	715
68.25	726
68.26	730
68.27	706
68.28	704
68.29	670
68.3	686
68.31	717
68.32	720
68.33	734
68.34	718
68.35	675
68.36	732
68.37	724
68.38	750
68.39	735
68.4	732
68.41	703
68.42	706
68.43	697
68.44	690
68.45	688
68.46	715
68.47	730
68.48	749
68.49	728
68.5	729
68.51	720
68.52	706
68.53	712
68.54	687
68.55	682
68.56	692
68.57	671
68.58	705
68.59	716
68.6	725
68.61	695
68.62	698
68.63	691
68.64	698
68.65	718
68.66	723
68.67	675
68.68	681
68.69	700
68.7	700
68.71	697
68.72	676
68.73	685
68.74	702
68.75	661
68.76	667
68.77	692
68.78	697
68.79	690
68.8	713
68.81	693
68.82	650
68.83	631
68.84	672
68.85	680
68.86	693
68.87	709
68.88	703
68.89	699
68.9	700
68.91	675
68.92	698
68.93	716
68.94	709
68.95	673
68.96	679
68.97	687
68.98	661
68.99	672
69.0	655
69.01	659
69.02	679
69.03	684
69.04	682
69.05	679
69.06	683
69.07	659
69.08	652
69.09	660
69.1	668
69.11	701
69.12	660
69.13	679
69.14	689
69.15	678
69.16	685
69.17	698
69.18	681
69.19	690
69.2	668
69.21	673
69.22	681
69.23	682
69.24	674
69.25	665
69.26	684
69.27	662
69.28	677
69.29	673
69.3	666
69.31	657
69.32	681
69.33	670
69.34	632
69.35	666
69.36	712
69.37	707
69.38	648
69.39	663
69.4	687
69.41	686
69.42	662
69.43	681
69.44	677
69.45	673
69.46	678
69.47	670
69.48	666
69.49	694
69.5	718
69.51	725
69.52	717
69.53	696
69.54	651
69.55	661
69.56	663
69.57	667
69.58	683
69.59	691
69.6	699
69.61	685
69.62	663
69.63	670
69.64	667
69.65	656
69.66	681
69.67	664
69.68	675
69.69	688
69.7	690
69.71	686
69.72	654
69.73	668
69.74	656
69.75	677
69.76	679
69.77	662
69.78	653
69.79	668
69.8	676
69.81	669
69.82	671
69.83	660
69.84	667
69.85	666
69.86	687
69.87	676
69.88	650
69.89	666
69.9	673
69.91	654
69.92	650
69.93	643
69.94	672
69.95	686
69.96	665
69.97	660
69.98	675
69.99	659
70.0	640
70.01	659
70.02	666
70.03	659
70.04	651
70.05	684
70.06	682
70.07	683
70.08	710
70.09	666
70.1	653
70.11	676
70.12	675
70.13	669
70.14	642
70.15	653
70.16	665
70.17	675
70.18	690
70.19	667
70.2	663
70.21	670
70.22	666
70.23	641
70.24	656
70.25	652
70.26	679
70.27	643
70.28	653
70.29	686
70.3	660
70.31	683
70.32	647
70.33	657
70.34	681
70.35	669
70.36	671
70.37	692
70.38	669
70.39	675
70.4	638
70.41	626
70.42	648
70.43	635
70.44	622
70.45	631
70.46	676
70.47	686
70.48	669
70.49	679
70.5	691
70.51	687
70.52	666
70.53	682
70.54	644
70.55	659
70.56	646
70.57	623
70.58	662
70.59	650
70.6	657
70.61	639
70.62	631
70.63	656
70.64	646
70.65	653
70.66	655
70.67	640
70.68	638
70.69	631
70.7	638
70.71	649
70.72	647
70.73	664
70.74	669
70.75	629
70.76	651
70.77	683
70.78	654
70.79	657
70.8	606
70.81	653
70.82	656
70.83	663
70.84	639
70.85	655
70.86	686
70.87	645
70.88	634
70.89	632
70.9	633
70.91	649
70.92	616
70.93	666
70.94	636
70.95	618
70.96	633
70.97	629
70.98	611
70.99	608
71.0	627
71.01	656
71.02	634
71.03	602
71.04	631
71.05	641
71.06	688
71.07	695
71.08	661
71.09	661
71.1	673
71.11	680
71.12	673
71.13	638
71.14	628
71.15	649
71.16	639
71.17	644
71.18	604
71.19	630
71.2	650
71.21	625
71.22	618
71.23	635
71.24	624
71.25	637
71.26	632
71.27	646
71.28	668
71.29	640
71.3	633
71.31	632
71.32	619
71.33	610
71.34	624
71.35	653
71.36	657
71.37	658
71.38	623
71.39	619
71.4	622
71.41	611
71.42	605
71.43	648
71.44	649
71.45	616
71.46	635
71.47	632
71.48	626
71.49	651
71.5	646
71.51	635
71.52	636
71.53	632
71.54	617
71.55	632
71.56	702
71.57	643
71.58	619
71.59	580
71.6	597
71.61	621
71.62	637
71.63	619
71.64	600
71.65	640
71.66	627
71.67	645
71.68	645
71.69	645
71.7	653
71.71	627
71.72	616
71.73	621
71.74	679
71.75	672
71.76	654
71.77	628
71.78	652
71.79	621
71.8	601
71.81	617
71.82	619
71.83	643
71.84	614
71.85	626
71.86	656
71.87	637
71.88	648
71.89	649
71.9	638
71.91	620
71.92	593
71.93	621
71.94	616
71.95	642
71.96	652
71.97	642
71.98	654
71.99	624
72.0	628
72.01	618
72.02	637
72.03	628
72.04	626
72.05	636
72.06	638
72.07	642
72.08	648
72.09	620
72.1	633
72.11	653
72.12	648
72.13	643
72.14	612
72.15	647
72.16	656
72.17	640
72.18	620
72.19	609
72.2	606
72.21	621
72.22	628
72.23	622
72.24	624
72.25	619
72.26	600
72.27	600
72.28	614
72.29	640
72.3	657
72.31	618
72.32	590
72.33	606
72.34	621
72.35	630
72.36	617
72.37	619
72.38	640
72.39	643
72.4	649
72.41	629
72.42	667
72.43	660
72.44	623
72.45	619
72.46	622
72.47	610
72.48	605
72.49	606
72.5	624
72.51	619
72.52	623
72.53	658
72.54	632
72.55	589
72.56	613
72.57	601
72.58	607
72.59	611
72.6	590
72.61	618
72.62	645
72.63	613
72.64	605
72.65	599
72.66	588
72.67	588
72.68	605
72.69	583
72.7	597
72.71	609
72.72	616
72.73	631
72.74	603
72.75	593
72.76	602
72.77	609
72.78	617
72.79	648
72.8	658
72.81	642
72.82	623
72.83	635
72.84	609
72.85	633
72.86	597
72.87	589
72.88	629
72.89	586
72.9	587
72.91	604
72.92	627
72.93	604
72.94	610
72.95	609
72.96	606
72.97	610
72.98	586
72.99	610
73.0	630
73.01	634
73.02	608
73.03	607
73.04	602
73.05	622
73.06	628
73.07	616
73.08	616
73.09	608
73.1	618
73.11	598
73.12	566
73.13	594
73.14	616
73.15	629
73.16	613
73.17	629
73.18	634
73.19	616
73.2	578
73.21	570
73.22	610
73.23	613
73.24	603
73.25	615
73.26	597
73.27	611
73.28	589
73.29	570
73.3	589
73.31	603
73.32	614
73.33	625
73.34	618
73.35	621
73.36	645
73.37	615
73.38	596
73.39	610
73.4	625
73.41	619
73.42	612
73.43	602
73.44	565
73.45	584
73.46	616
73.47	612
73.48	637
73.49	613
73.5	611
73.51	637
73.52	615
73.53	598
73.54	603
73.55	607
73.56	600
73.57	639
73.58	627
73.59	604
73.6	597
73.61	607
73.62	607
73.63	607
73.64	602
73.65	573
73.66	570
73.67	589
73.68	607
73.69	592
73.7	562
73.71	611
73.72	601
73.73	599
73.74	602
73.75	607
73.76	610
73.77	617
73.78	607
73.79	619
73.8	624
73.81	612
73.82	623
73.83	608
73.84	580
73.85	621
73.86	608
73.87	594
73.88	618
73.89	632
73.9	616
73.91	624
73.92	609
73.93	580
73.94	611
73.95	580
73.96	586
73.97	583
73.98	585
73.99	595
74.0	604
74.01	618
74.02	621
74.03	598
74.04	603
74.05	616
74.06	589
74.07	586
74.08	592
74.09	590
74.1	567
74.11	604
74.12	599
74.13	596
74.14	627
74.15	626
74.16	613
74.17	608
74.18	608
74.19	568
74.2	587
74.21	596
74.22	562
74.23	568
74.24	614
74.25	613
74.26	588
74.27	589
74.28	600
74.29	617
74.3	585
74.31	574
74.32	598
74.33	600
74.34	598
74.35	603
74.36	589
74.37	569
74.38	602
74.39	589
74.4	610
74.41	616
74.42	608
74.43	581
74.44	572
74.45	579
74.46	563
74.47	591
74.48	604
74.49	595
74.5	614
74.51	601
74.52	607
74.53	597
74.54	594
74.55	575
74.56	597
74.57	606
74.58	590
74.59	617
74.6	610
74.61	571
74.62	572
74.63	591
74.64	605
74.65	594
74.66	595
74.67	602
74.68	613
74.69	640
74.7	603
74.71	587
74.72	595
74.73	609
74.74	599
74.75	613
74.76	610
74.77	577
74.78	604
74.79	616
74.8	586
74.81	582
74.82	619
74.83	605
74.84	609
74.85	620
74.86	595
74.87	591
74.88	588
74.89	571
74.9	580
74.91	607
74.92	598
74.93	613
74.94	577
74.95	591
74.96	603
74.97	600
74.98	616
74.99	601
75.0	610
75.01	595
75.02	578
75.03	587
75.04	611
75.05	587
75.06	603
75.07	568
75.08	566
75.09	591
75.1	592
75.11	578
75.12	595
75.13	606
75.14	574
75.15	579
75.16	620
75.17	569
75.18	569
75.19	599
75.2	589
75.21	598
75.22	598
75.23	580
75.24	572
75.25	597
75.26	600
75.27	607
75.28	616
75.29	607
75.3	600
75.31	600
75.32	586
75.33	595
75.34	618
75.35	619
75.36	608
75.37	588
75.38	565
75.39	592
75.4	576
75.41	591
75.42	598
75.43	569
75.44	543
75.45	579
75.46	601
75.47	608
75.48	606
75.49	606
75.5	587
75.51	578
75.52	588
75.53	587
75.54	603
75.55	619
75.56	601
75.57	604
75.58	610
75.59	591
75.6	593
75.61	584
75.62	570
75.63	587
75.64	601
75.65	609
75.66	603
75.67	608
75.68	598
75.69	597
75.7	589
75.71	588
75.72	614
75.73	626
75.74	618
75.75	595
75.76	609
75.77	637
75.78	631
75.79	584
75.8	576
75.81	574
75.82	604
75.83	613
75.84	626
75.85	619
75.86	601
75.87	565
75.88	628
75.89	610
75.9	609
75.91	586
75.92	575
75.93	567
75.94	564
75.95	581
75.96	619
75.97	616
75.98	608
75.99	579
76.0	584
76.01	626
76.02	627
76.03	628
76.04	576
76.05	604
76.06	624
76.07	592
76.08	602
76.09	616
76.1	611
76.11	607
76.12	616
76.13	623
76.14	601
76.15	582
76.16	598
76.17	646
76.18	623
76.19	603
76.2	612
76.21	627
76.22	618
76.23	588
76.24	605
76.25	607
76.26	613
76.27	632
76.28	632
76.29	633
76.3	628
76.31	622
76.32	622
76.33	618
76.34	628
76.35	613
76.36	604
76.37	618
76.38	610
76.39	589
76.4	588
76.41	628
76.42	634
76.43	611
76.44	600
76.45	602
76.46	616
76.47	586
76.48	573
76.49	610
76.5	600
76.51	602
76.52	591
76.53	596
76.54	602
76.55	599
76.56	604
76.57	600
76.58	615
76.59	609
76.6	602
76.61	566
76.62	571
76.63	599
76.64	627
76.65	635
76.66	595
76.67	626
76.68	623
76.69	607
76.7	629
76.71	632
76.72	623
76.73	606
76.74	614
76.75	635
76.76	635
76.77	629
76.78	620
76.79	642
76.8	600
76.81	616
76.82	657
76.83	647
76.84	638
76.85	645
76.86	617
76.87	588
76.88	630
76.89	613
76.9	605
76.91	621
76.92	609
76.93	619
76.94	644
76.95	646
76.96	632
76.97	627
76.98	632
76.99	636
77.0	626
77.01	624
77.02	612
77.03	634
77.04	599
77.05	611
77.06	666
77.07	646
77.08	633
77.09	627
77.1	638
77.11	657
77.12	633
77.13	658
77.14	654
77.15	607
77.16	623
77.17	625
77.18	603
77.19	637
77.2	643
77.21	633
77.22	647
77.23	655
77.24	650
77.25	654
77.26	671
77.27	646
77.28	624
77.29	646
77.3	641
77.31	636
77.32	644
77.33	644
77.34	651
77.35	642
77.36	647
77.37	631
77.38	611
77.39	632
77.4	647
77.41	645
77.42	675
77.43	658
77.44	657
77.45	666
77.46	674
77.47	675
77.48	665
77.49	700
77.5	704
77.51	715
77.52	709
77.53	706
77.54	681
77.55	680
77.56	686
77.57	690
77.58	690
77.59	694
77.6	711
77.61	700
77.62	699
77.63	693
77.64	681
77.65	686
77.66	710
77.67	713
77.68	735
77.69	774
77.7	767
77.71	718
77.72	719
77.73	744
77.74	771
77.75	743
77.76	753
77.77	748
77.78	750
77.79	759
77.8	790
77.81	791
77.82	768
77.83	770
77.84	787
77.85	804
77.86	779
77.87	739
77.88	787
77.89	812
77.9	808
77.91	808
77.92	829
77.93	837
77.94	804
77.95	838
77.96	845
77.97	874
77.98	857
77.99	842
78.0	869
78.01	883
78.02	886
78.03	880
78.04	914
78.05	965
78.06	949
78.07	940
78.08	936
78.09	1005
78.1	1035
78.11	1044
78.12	1037
78.13	1004
78.14	1045
78.15	1077
78.16	1103
78.17	1089
78.18	1112
78.19	1183
78.2	1174
78.21	1197
78.22	1216
78.23	1224
78.24	1249
78.25	1285
78.26	1303
78.27	1310
78.28	1364
78.29	1373
78.3	1414
78.31	1417
78.32	1456
78.33	1505
78.34	1557
78.35	1525
78.36	1564
78.37	1578
78.38	1652
78.39	1645
78.4	1678
78.41	1750
78.42	1783
78.43	1768
78.44	1820
78.45	1887
78.46	1922
78.47	1931
78.48	1997
78.49	2042
78.5	2147
78.51	2179
78.52	2168
78.53	2243
78.54	2280
78.55	2298
78.56	2344
78.57	2367
78.58	2414
78.59	2454
78.6	2471
78.61	2513
78.62	2585
78.63	2629
78.64	2701
78.65	2786
78.66	2791
78.67	2821
78.68	2876
78.69	2926
78.7	2934
78.71	2977
78.72	2988
78.73	2953
78.74	3000
78.75	2998
78.76	3027
78.77	3023
78.78	3038
78.79	3075
78.8	3021
78.81	3025
78.82	3037
78.83	3011
78.84	3023
78.85	3051
78.86	2964
78.87	2983
78.88	2950
78.89	2893
78.9	2901
78.91	2915
78.92	2877
78.93	2860
78.94	2855
78.95	2809
78.96	2787
78.97	2691
78.98	2644
78.99	2706
79.0	2682
79.01	2653
79.02	2539
79.03	2543
79.04	2473
79.05	2451
79.06	2384
79.07	2267
79.08	2245
79.09	2270
79.1	2252
79.11	2212
79.12	2183
79.13	2064
79.14	2023
79.15	2024
79.16	1971
79.17	1966
79.18	1912
79.19	1853
79.2	1831
79.21	1788
79.22	1739
79.23	1731
79.24	1656
79.25	1622
79.26	1602
79.27	1541
79.28	1522
79.29	1522
79.3	1490
79.31	1430
79.32	1410
79.33	1387
79.34	1376
79.35	1354
79.36	1295
79.37	1243
79.38	1246
79.39	1216
79.4	1204
79.41	1189
79.42	1183
79.43	1153
79.44	1116
79.45	1107
79.46	1082
79.47	1080
79.48	1085
79.49	1093
79.5	1039
79.51	1026
79.52	1034
79.53	1019
79.54	971
79.55	922
79.56	954
79.57	989
79.58	962
79.59	915
79.6	915
79.61	944
79.62	923
79.63	897
79.64	883
79.65	858
79.66	847
79.67	857
79.68	824
79.69	812
79.7	804
79.71	799
79.72	834
79.73	829
79.74	809
79.75	795
79.76	781
79.77	783
79.78	805
79.79	812
79.8	783
79.81	731
79.82	745
79.83	753
79.84	730
79.85	723
79.86	713
79.87	757
79.88	772
79.89	740
79.9	751
79.91	722
79.92	695
79.93	722
79.94	707
79.95	694
79.96	706
79.97	716
79.98	729
79.99	708
80.0	711
80.01	714
80.02	709
80.03	683
80.04	683
80.05	695
80.06	696
80.07	663
80.08	624
80.09	683
80.1	655
80.11	685
80.12	677
80.13	659
80.14	678
80.15	648
80.16	643
80.17	657
80.18	649
80.19	656
80.2	643
80.21	635
80.22	643
80.23	676
80.24	660
80.25	642
80.26	636
80.27	641
80.28	642
80.29	674
80.3	640
80.31	633
80.32	624
80.33	659
80.34	661
80.35	647
80.36	635
80.37	638
80.38	639
80.39	652
80.4	655
80.41	641
80.42	671
80.43	634
80.44	628
80.45	626
80.46	649
80.47	652
80.48	636
80.49	638
80.5	641
80.51	647
80.52	637
80.53	613
80.54	605
80.55	635
80.56	645
80.57	629
80.58	642
80.59	649
80.6	651
80.61	649
80.62	646
80.63	611
80.64	620
80.65	616
80.66	626
80.67	636
80.68	611
80.69	625
80.7	614
80.71	623
80.72	603
80.73	584
80.74	637
80.75	624
80.76	626
80.77	624
80.78	604
80.79	585
80.8	593
80.81	605
80.82	614
80.83	614
80.84	606
80.85	610
80.86	623
80.87	630
80.88	618
80.89	610
80.9	593
80.91	604
80.92	569
80.93	605
80.94	606
80.95	629
80.96	622
80.97	609
80.98	589
80.99	603
81.0	621
81.01	610
81.02	602
81.03	603
81.04	603
81.05	633
81.06	618
81.07	584
81.08	631
81.09	592
81.1	599
81.11	612
81.12	623
81.13	620
81.14	613
81.15	607
81.16	620
81.17	612
81.18	620
81.19	622
81.2	618
81.21	601
81.22	623
81.23	640
81.24	637
81.25	612
81.26	606
81.27	615
81.28	592
81.29	586
81.3	606
81.31	624
81.32	637
81.33	617
81.34	614
81.35	635
81.36	618
81.37	627
81.38	619
81.39	622
81.4	630
81.41	649
81.42	639
81.43	620
81.44	616
81.45	651
81.46	649
81.47	611
81.48	617
81.49	659
81.5	653
81.51	617
81.52	626
81.53	649
81.54	633
81.55	626
81.56	618
81.57	633
81.58	640
81.59	663
81.6	648
81.61	657
81.62	657
81.63	635
81.64	657
81.65	667
81.66	674
81.67	678
81.68	632
81.69	630
81.7	599
81.71	643
81.72	666
81.73	664
81.74	628
81.75	657
81.76	652
81.77	685
81.78	676
81.79	636
81.8	652
81.81	686
81.82	662
81.83	645
81.84	654
81.85	653
81.86	655
81.87	661
81.88	666
81.89	697
81.9	671
81.91	643
81.92	670
81.93	692
81.94	699
81.95	700
81.96	696
81.97	668
81.98	685
81.99	697
82.0	705
82.01	719
82.02	726
82.03	716
82.04	720
82.05	733
82.06	753
82.07	770
82.08	754
82.09	759
82.1	752
82.11	754
82.12	764
82.13	796
82.14	796
82.15	791
82.16	810
82.17	777
82.18	780
82.19	778
82.2	803
82.21	853
82.22	828
82.23	827
82.24	835
82.25	859
82.26	831
82.27	836
82.28	876
82.29	887
82.3	899
82.31	889
82.32	864
82.33	902
82.34	958
82.35	965
82.36	955
82.37	930
82.38	980
82.39	979
82.4	1036
82.41	1055
82.42	1048
82.43	1069
82.44	1071
82.45	1125
82.46	1133
82.47	1169
82.48	1161
82.49	1164
82.5	1211
82.51	1227
82.52	1225
82.53	1261
82.54	1335
82.55	1339
82.56	1370
82.57	1400
82.58	1452
82.59	1494
82.6	1486
82.61	1494
82.62	1549
82.63	1609
82.64	1671
82.65	1728
82.66	1757
82.67	1833
82.68	1853
82.69	1878
82.7	1866
82.71	1906
82.72	1958
82.73	1987
82.74	2116
82.75	2196
82.76	2234
82.77	2264
82.78	2340
82.79	2375
82.8	2457
82.81	2522
82.82	2558
82.83	2567
82.84	2618
82.85	2740
82.86	2788
82.87	2835
82.88	2850
82.89	2940
82.9	3019
82.91	3043
82.92	3090
82.93	3117
82.94	3105
82.95	3145
82.96	3260
82.97	3302
82.98	3296
82.99	3356
83.0	3363
83.01	3345
83.02	3333
83.03	3336
83.04	3292
83.05	3380
83.06	3345
83.07	3363
83.08	3363
83.09	3302
83.1	3237
83.11	3207
83.12	3225
83.13	3183
83.14	3165
83.15	3156
83.16	3075
83.17	3066
83.18	3063
83.19	3091
83.2	2993
83.21	3004
83.22	2937
83.23	2847
83.24	2793
83.25	2712
83.26	2705
83.27	2671
83.28	2596
83.29	2575
83.3	2482
83.31	2436
83.32	2389
83.33	2368
83.34	2344
83.35	2296
83.36	2234
83.37	2136
83.38	2102
83.39	2078
83.4	2007
83.41	1990
83.42	1921
83.43	1864
83.44	1809
83.45	1782
83.46	1697
83.47	1666
83.48	1668
83.49	1565
83.5	1534
83.51	1567
83.52	1505
83.53	1445
83.54	1417
83.55	1362
83.56	1377
83.57	1326
83.58	1271
83.59	1242
83.6	1248
83.61	1231
83.62	1168
83.63	1158
83.64	1138
83.65	1127
83.66	1107
83.67	1064
83.68	1003
83.69	1018
83.7	994
83.71	995
83.72	1002
83.73	963
83.74	948
83.75	938
83.76	906
83.77	899
83.78	946
83.79	930
83.8	885
83.81	887
83.82	866
83.83	860
83.84	851
83.85	831
83.86	849
83.87	790
83.88	790
83.89	806
83.9	776
83.91	741
83.92	755
83.93	767
83.94	796
83.95	794
83.96	766
83.97	748
83.98	746
83.99	743
84.0	733
84.01	731
84.02	703
84.03	677
84.04	692
84.05	718
84.06	696
84.07	685
84.08	692
84.09	677
84.1	708
84.11	688
84.12	696
84.13	691
84.14	645
84.15	643
84.16	669
84.17	644
84.18	636
84.19	681
84.2	671
84.21	638
84.22	623
84.23	636
84.24	641
84.25	640
84.26	635
84.27	616
84.28	619
84.29	665
84.3	643
84.31	631
84.32	638
84.33	656
84.34	638
84.35	617
84.36	618
84.37	630
84.38	611
84.39	637
84.4	627
84.41	625
84.42	614
84.43	627
84.44	615
84.45	622
84.46	618
84.47	620
84.48	590
84.49	601
84.5	594
84.51	584
84.52	571
84.53	592
84.54	575
84.55	576
84.56	579
84.57	585
84.58	575
84.59	575
84.6	586
84.61	574
84.62	571
84.63	585
84.64	595
84.65	606
84.66	589
84.67	558
84.68	572
84.69	583
84.7	562
84.71	542
84.72	577
84.73	600
84.74	611
84.75	578
84.76	565
84.77	589
84.78	602
84.79	593
84.8	577
84.81	586
84.82	583
84.83	588
84.84	598
84.85	585
84.86	579
84.87	574
84.88	581
84.89	585
84.9	548
84.91	565
84.92	587
84.93	576
84.94	566
84.95	581
84.96	579
84.97	567
84.98	552
84.99	542
85.0	542
85.01	548
85.02	580
85.03	566
85.04	543
85.05	530
85.06	542
85.07	551
85.08	567
85.09	576
85.1	564
85.11	555
85.12	565
85.13	554
85.14	549
85.15	526
85.16	533
85.17	546
85.18	558
85.19	578
85.2	573
85.21	573
85.22	556
85.23	548
85.24	556
85.25	562
85.26	562
85.27	571
85.28	583
85.29	561
85.3	543
85.31	548
85.32	572
85.33	552
85.34	579
85.35	573
85.36	537
85.37	525
85.38	538
85.39	539
85.4	550
85.41	559
85.42	544
85.43	540
85.44	538
85.45	554
85.46	547
85.47	546
85.48	554
85.49	538
85.5	528
85.51	538
85.52	560
85.53	544
85.54	531
85.55	538
85.56	535
85.57	539
85.58	553
85.59	556
85.6	549
85.61	556
85.62	560
85.63	525
85.64	522
85.65	526
85.66	538
85.67	543
85.68	556
85.69	557
85.7	551
85.71	545
85.72	550
85.73	537
85.74	538
85.75	548
85.76	537
85.77	539
85.78	547
85.79	538
85.8	541
85.81	542
85.82	549
85.83	549
85.84	538
85.85	537
85.86	547
85.87	540
85.88	536
85.89	543
85.9	530
85.91	535
85.92	560
85.93	565
85.94	562
85.95	546
85.96	541
85.97	539
85.98	540
85.99	553
86.0	555
86.01	553
86.02	542
86.03	556
86.04	543
86.05	533
86.06	543
86.07	551
86.08	555
86.09	530
86.1	508
86.11	491
86.12	503
86.13	530
86.14	555
86.15	527
86.16	519
86.17	532
86.18	533
86.19	539
86.2	518
86.21	541
86.22	539
86.23	513
86.24	525
86.25	542
86.26	538
86.27	535
86.28	541
86.29	547
86.3	537
86.31	546
86.32	532
86.33	519
86.34	519
86.35	529
86.36	556
86.37	542
86.38	511
86.39	527
86.4	559
86.41	546
86.42	544
86.43	545
86.44	519
86.45	523
86.46	535
86.47	533
86.48	511
86.49	529
86.5	552
86.51	549
86.52	527
86.53	509
86.54	507
86.55	506
86.56	514
86.57	538
86.58	517
86.59	491
86.6	513
86.61	524
86.62	532
86.63	534
86.64	532
86.65	522
86.66	526
86.67	539
86.68	533
86.69	540
86.7	538
86.71	531
86.72	508
86.73	500
86.74	523
86.75	532
86.76	537
86.77	534
86.78	525
86.79	524
86.8	529
86.81	514
86.82	532
86.83	544
86.84	529
86.85	530
86.86	520
86.87	535
86.88	521
86.89	496
86.9	505
86.91	541
86.92	537
86.93	536
86.94	553
86.95	537
86.96	510
86.97	526
86.98	545
86.99	517
87.0	496
87.01	513
87.02	509
87.03	518
87.04	538
87.05	538
87.06	551
87.07	551
87.08	528
87.09	492
87.1	487
87.11	520
87.12	532
87.13	530
87.14	521
87.15	525
87.16	517
87.17	522
87.18	530
87.19	532
87.2	507
87.21	496
87.22	524
87.23	517
87.24	515
87.25	537
87.26	531
87.27	538
87.28	540
87.29	549
87.3	548
87.31	506
87.32	492
87.33	516
87.34	534
87.35	516
87.36	512
87.37	538
87.38	531
87.39	514
87.4	503
87.41	505
87.42	518
87.43	523
87.44	534
87.45	528
87.46	519
87.47	522
87.48	524
87.49	528
87.5	524
87.51	535
87.52	528
87.53	524
87.54	511
87.55	518
87.56	536
87.57	525
87.58	513
87.59	485
87.6	479
87.61	504
87.62	524
87.63	528
87.64	551
87.65	549
87.66	516
87.67	520
87.68	530
87.69	516
87.7	521
87.71	508
87.72	504
87.73	487
87.74	499
87.75	536
87.76	539
87.77	513
87.78	518
87.79	539
87.8	546
87.81	533
87.82	518
87.83	527
87.84	542
87.85	533
87.86	541
87.87	544
87.88	540
87.89	534
87.9	517
87.91	495
87.92	503
87.93	503
87.94	506
87.95	505
87.96	516
87.97	515
87.98	518
87.99	518
88.0	514
88.01	510
88.02	506
88.03	519
88.04	506
88.05	510
88.06	521
88.07	527
88.08	529
88.09	529
88.1	529
88.11	530
88.12	514
88.13	530
88.14	540
88.15	524
88.16	507
88.17	507
88.18	512
88.19	510
88.2	510
88.21	511
88.22	530
88.23	527
88.24	500
88.25	512
88.26	520
88.27	503
88.28	518
88.29	532
88.3	531
88.31	553
88.32	557
88.33	537
88.34	517
88.35	523
88.36	532
88.37	519
88.38	487
88.39	492
88.4	521
88.41	518
88.42	505
88.43	505
88.44	504
88.45	510
88.46	509
88.47	501
88.48	510
88.49	525
88.5	519
88.51	500
88.52	509
88.53	529
88.54	514
88.55	486
88.56	514
88.57	521
88.58	516
88.59	510
88.6	515
88.61	518
88.62	518
88.63	522
88.64	519
88.65	513
88.66	521
88.67	528
88.68	527
88.69	534
88.7	528
88.71	527
88.72	525
88.73	503
88.74	514
88.75	524
88.76	534
88.77	533
88.78	522
88.79	533
88.8	527
88.81	512
88.82	512
88.83	502
88.84	512
88.85	518
88.86	507
88.87	523
88.88	524
88.89	493
88.9	497
88.91	504
88.92	498
88.93	513
88.94	526
88.95	532
88.96	510
88.97	491
88.98	479
88.99	485
89.0	500
89.01	508
89.02	505
89.03	498
89.04	513
89.05	532
89.06	531
89.07	529
89.08	522
89.09	519
89.1	516
89.11	520
89.12	528
89.13	516
89.14	522
89.15	538
89.16	540
89.17	520
89.18	501
89.19	503
89.2	515
89.21	521
89.22	528
89.23	513
89.24	498
89.25	518
89.26	516
89.27	490
89.28	502
89.29	518
89.3	518
89.31	503
89.32	483
89.33	517
89.34	520
89.35	503
89.36	500
89.37	514
89.38	497
89.39	510
89.4	526
89.41	519
89.42	521
89.43	509
89.44	497
89.45	508
89.46	525
89.47	521
89.48	520
89.49	526
89.5	532
89.51	540
89.52	534
89.53	525
89.54	518
89.55	523
89.56	533
89.57	516
89.58	495
89.59	506
89.6	531
89.61	532
89.62	526
89.63	519
89.64	528
89.65	530
89.66	513
89.67	508
89.68	513
89.69	512
89.7	508
89.71	519
89.72	520
89.73	518
89.74	517
89.75	506
89.76	505
89.77	510
89.78	519
89.79	518
89.8	518
89.81	512
89.82	502
89.83	494
89.84	513
89.85	513
89.86	504
89.87	508
89.88	512
89.89	499
89.9	477
89.91	472
89.92	509
89.93	534
89.94	520
89.95	504
89.96	523
89.97	520
89.98	510
89.99	499
90.0	492
90.01	506
90.02	509
90.03	509
90.04	502
90.05	500
90.06	495
90.07	502
90.08	504
90.09	491
90.1	487
90.11	510
90.12	532
90.13	526
90.14	518
90.15	516
90.16	512
90.17	503
90.18	484
90.19	485
90.2	504
90.21	513
90.22	524
90.23	526
90.24	509
90.25	497
90.26	500
90.27	512
90.28	514
90.29	508
90.3	508
90.31	509
90.32	503
90.33	505
90.34	498
90.35	486
90.36	499
90.37	506
90.38	513
90.39	497
90.4	474
90.41	486
90.42	501
90.43	505
90.44	507
90.45	511
90.46	529
90.47	522
90.48	498
90.49	485
90.5	494
90.51	507
90.52	486
90.53	472
90.54	501
90.55	511
90.56	492
90.57	495
90.58	505
90.59	502
90.6	500
90.61	518
90.62	510
90.63	494
90.64	492
90.65	481
90.66	484
90.67	491
90.68	492
90.69	498
90.7	510
90.71	531
90.72	522
90.73	497
90.74	503
90.75	526
90.76	532
90.77	508
90.78	491
90.79	513
90.8	529
90.81	531
90.82	532
90.83	525
90.84	514
90.85	501
90.86	508
90.87	505
90.88	504
90.89	508
90.9	503
90.91	510
90.92	501
90.93	497
90.94	509
90.95	509
90.96	497
90.97	490
90.98	485
90.99	484
91.0	490
91.01	502
91.02	514
91.03	514
91.04	511
91.05	496
91.06	505
91.07	517
91.08	517
91.09	519
91.1	511
91.11	514
91.12	510
91.13	507
91.14	529
91.15	535
91.16	503
91.17	481
91.18	487
91.19	495
91.2	499
91.21	492
91.22	479
91.23	489
91.24	499
91.25	503
91.26	510
91.27	511
91.28	526
91.29	527
91.3	513
91.31	489
91.32	471
91.33	468
91.34	480
91.35	488
91.36	492
91.37	500
91.38	496
91.39	513
91.4	528
91.41	513
91.42	502
91.43	499
91.44	497
91.45	506
91.46	510
91.47	507
91.48	506
91.49	502
91.5	513
91.51	513
91.52	497
91.53	477
91.54	473
91.55	482
91.56	493
91.57	490
91.58	480
91.59	487
91.6	482
91.61	493
91.62	517
91.63	521
91.64	501
91.65	480
91.66	470
91.67	465
91.68	475
91.69	506
91.7	530
91.71	506
91.72	499
91.73	509
91.74	482
91.75	475
91.76	489
91.77	504
91.78	497
91.79	482
91.8	492
91.81	509
91.82	518
91.83	507
91.84	492
91.85	491
91.86	486
91.87	477
91.88	486
91.89	492
91.9	496
91.91	505
91.92	503
91.93	497
91.94	513
91.95	521
91.96	517
91.97	517
91.98	522
91.99	546
92.0	549
92.01	528
92.02	517
92.03	516
92.04	510
92.05	499
92.06	493
92.07	487
92.08	481
92.09	496
92.1	506
92.11	501
92.12	509
92.13	500
92.14	498
92.15	516
92.16	511
92.17	508
92.18	509
92.19	498
92.2	490
92.21	485
92.22	494
92.23	493
92.24	493
92.25	502
92.26	505
92.27	497
92.28	495
92.29	506
92.3	518
92.31	496
92.32	474
92.33	494
92.34	514
92.35	509
92.36	502
92.37	503
92.38	497
92.39	485
92.4	494
92.41	503
92.42	511
92.43	530
92.44	518
92.45	488
92.46	478
92.47	480
92.48	493
92.49	497
92.5	497
92.51	503
92.52	503
92.53	508
92.54	506
92.55	504
92.56	504
92.57	527
92.58	537
92.59	523
92.6	527
92.61	525
92.62	516
92.63	502
92.64	509
92.65	512
92.66	510
92.67	513
92.68	506
92.69	501
92.7	514
92.71	517
92.72	506
92.73	495
92.74	492
92.75	492
92.76	501
92.77	512
92.78	501
92.79	511
92.8	527
92.81	508
92.82	504
92.83	514
92.84	506
92.85	494
92.86	496
92.87	493
92.88	484
92.89	491
92.9	499
92.91	494
92.92	504
92.93	503
92.94	500
92.95	511
92.96	516
92.97	512
92.98	505
92.99	492
93.0	496
93.01	506
93.02	516
93.03	501
93.04	481
93.05	464
93.06	493
93.07	522
93.08	508
93.09	498
93.1	501
93.11	494
93.12	491
93.13	502
93.14	498
93.15	507
93.16	519
93.17	495
93.18	493
93.19	499
93.2	490
93.21	471
93.22	466
93.23	484
93.24	505
93.25	510
93.26	528
93.27	529
93.28	510
93.29	508
93.3	501
93.31	491
93.32	492
93.33	503
93.34	513
93.35	502
93.36	499
93.37	498
93.38	506
93.39	503
93.4	504
93.41	509
93.42	516
93.43	504
93.44	495
93.45	502
93.46	507
93.47	509
93.48	494
93.49	491
93.5	502
93.51	506
93.52	492
93.53	490
93.54	501
93.55	504
93.56	495
93.57	500
93.58	500
93.59	486
93.6	493
93.61	510
93.62	513
93.63	505
93.64	509
93.65	509
93.66	484
93.67	499
93.68	499
93.69	488
93.7	493
93.71	512
93.72	511
93.73	492
93.74	479
93.75	486
93.76	501
93.77	504
93.78	506
93.79	508
93.8	529
93.81	529
93.82	525
93.83	528
93.84	525
93.85	518
93.86	499
93.87	481
93.88	483
93.89	510
93.9	513
93.91	515
93.92	496
93.93	512
93.94	541
93.95	533
93.96	514
93.97	497
93.98	483
93.99	503
94.0	508
94.01	515
94.02	514
94.03	494
94.04	504
94.05	532
94.06	527
94.07	525
94.08	512
94.09	500
94.1	503
94.11	509
94.12	510
94.13	512
94.14	521
94.15	527
94.16	523
94.17	512
94.18	492
94.19	490
94.2	505
94.21	508
94.22	500
94.23	505
94.24	521
94.25	498
94.26	510
94.27	531
94.28	524
94.29	508
94.3	513
94.31	522
94.32	507
94.33	496
94.34	503
94.35	503
94.36	524
94.37	507
94.38	486
94.39	507
94.4	499
94.41	485
94.42	484
94.43	482
94.44	515
94.45	505
94.46	506
94.47	520
94.48	527
94.49	506
94.5	499
94.51	495
94.52	488
94.53	488
94.54	481
94.55	481
94.56	512
94.57	525
94.58	515
94.59	505
94.6	481
94.61	479
94.62	508
94.63	541
94.64	501
94.65	489
94.66	523
94.67	531
94.68	518
94.69	498
94.7	511
94.71	522
94.72	506
94.73	515
94.74	513
94.75	508
94.76	511
94.77	528
94.78	534
94.79	522
94.8	490
94.81	484
94.82	488
94.83	483
94.84	465
94.85	457
94.86	477
94.87	495
94.88	512
94.89	525
94.9	529
94.91	527
94.92	518
94.93	498
94.94	495
94.95	481
94.96	455
94.97	479
94.98	521
94.99	506
95.0	491
95.01	489
95.02	494
95.03	512
95.04	523
95.05	497
95.06	494
95.07	502
95.08	483
95.09	480
95.1	495
95.11	504
95.12	508
95.13	512
95.14	494
95.15	505
95.16	505
95.17	518
95.18	512
95.19	517
95.2	495
95.21	501
95.22	509
95.23	508
95.24	536
95.25	533
95.26	512
95.27	496
95.28	510
95.29	504
95.3	510
95.31	515
95.32	527
95.33	502
95.34	492
95.35	495
95.36	484
95.37	507
95.38	501
95.39	522
95.4	505
95.41	492
95.42	484
95.43	485
95.44	497
95.45	508
95.46	499
95.47	513
95.48	509
95.49	497
95.5	497
95.51	513
95.52	531
95.53	513
95.54	495
95.55	498
95.56	531
95.57	532
95.58	502
95.59	492
95.6	487
95.61	496
95.62	489
95.63	499
95.64	517
95.65	526
95.66	505
95.67	491
95.68	495
95.69	485
95.7	497
95.71	507
95.72	518
95.73	502
95.74	496
95.75	515
95.76	509
95.77	508
95.78	516
95.79	525
95.8	523
95.81	534
95.82	503
95.83	483
95.84	487
95.85	512
95.86	524
95.87	511
95.88	507
95.89	509
95.9	521
95.91	523
95.92	520
95.93	517
95.94	506
95.95	481
95.96	496
95.97	520
95.98	532
95.99	526
96.0	503
96.01	495
96.02	491
96.03	500
96.04	516
96.05	520
96.06	493
96.07	494
96.08	500
96.09	501
96.1	498
96.11	506
96.12	499
96.13	525
96.14	520
96.15	515
96.16	515
96.17	499
96.18	516
96.19	520
96.2	505
96.21	489
96.22	470
96.23	467
96.24	494
96.25	500
96.26	501
96.27	514
96.28	517
96.29	493
96.3	506
96.31	509
96.32	514
96.33	517
96.34	513
96.35	494
96.36	509
96.37	504
96.38	498
96.39	513
96.4	503
96.41	505
96.42	521
96.43	536
96.44	500
96.45	503
96.46	513
96.47	519
96.48	509
96.49	508
96.5	516
96.51	523
96.52	539
96.53	526
96.54	486
96.55	493
96.56	501
96.57	507
96.58	503
96.59	506
96.6	546
96.61	520
96.62	522
96.63	515
96.64	492
96.65	483
96.66	497
96.67	512
96.68	528
96.69	520
96.7	516
96.71	514
96.72	507
96.73	508
96.74	511
96.75	480
96.76	471
96.77	500
96.78	500
96.79	502
96.8	497
96.81	520
96.82	523
96.83	505
96.84	517
96.85	515
96.86	507
96.87	507
96.88	522
96.89	528
96.9	507
96.91	502
96.92	512
96.93	492
96.94	508
96.95	532
96.96	525
96.97	527
96.98	525
96.99	517
97.0	514
97.01	503
97.02	515
97.03	506
97.04	531
97.05	540
97.06	515
97.07	505
97.08	527
97.09	504
97.1	510
97.11	527
97.12	522
97.13	501
97.14	517
97.15	518
97.16	522
97.17	524
97.18	514
97.19	534
97.2	534
97.21	518
97.22	511
97.23	521
97.24	530
97.25	540
97.26	504
97.27	498
97.28	493
97.29	489
97.3	510
97.31	528
97.32	511
97.33	506
97.34	503
97.35	488
97.36	493
97.37	526
97.38	525
97.39	534
97.4	525
97.41	525
97.42	530
97.43	520
97.44	543
97.45	522
97.46	535
97.47	504
97.48	504
97.49	532
97.5	508
97.51	520
97.52	538
97.53	523
97.54	520
97.55	516
97.56	529
97.57	516
97.58	509
97.59	516
97.6	528
97.61	521
97.62	521
97.63	507
97.64	516
97.65	552
97.66	532
97.67	507
97.68	524
97.69	533
97.7	513
97.71	492
97.72	493
97.73	491
97.74	498
97.75	505
97.76	510
97.77	520
97.78	518
97.79	549
97.8	533
97.81	536
97.82	546
97.83	544
97.84	538
97.85	521
97.86	516
97.87	523
97.88	509
97.89	514
97.9	535
97.91	557
97.92	547
97.93	535
97.94	537
97.95	534
97.96	533
97.97	552
97.98	560
97.99	579
98.0	538
98.01	535
98.02	549
98.03	564
98.04	575
98.05	550
98.06	534
98.07	533
98.08	523
98.09	508
98.1	537
98.11	544
98.12	559
98.13	577
98.14	563
98.15	565
98.16	544
98.17	510
98.18	520
98.19	533
98.2	522
98.21	544
98.22	552
98.23	545
98.24	555
98.25	560
98.26	565
98.27	565
98.28	533
98.29	547
98.3	554
98.31	579
98.32	581
98.33	547
98.34	560
98.35	552
98.36	544
98.37	571
98.38	566
98.39	565
98.4	565
98.41	545
98.42	526
98.43	544
98.44	555
98.45	554
98.46	561
98.47	578
98.48	572
98.49	572
98.5	575
98.51	563
98.52	585
98.53	593
98.54	570
98.55	589
98.56	600
98.57	615
98.58	621
98.59	616
98.6	604
98.61	597
98.62	605
98.63	619
98.64	630
98.65	624
98.66	607
98.67	621
98.68	604
98.69	582
98.7	597
98.71	603
98.72	577
98.73	596
98.74	616
98.75	619
98.76	608
98.77	612
98.78	630
98.79	619
98.8	618
98.81	652
98.82	656
98.83	644
98.84	625
98.85	600
98.86	629
98.87	655
98.88	627
98.89	680
98.9	682
98.91	650
98.92	662
98.93	634
98.94	665
98.95	682
98.96	677
98.97	685
98.98	694
98.99	696
99.0	680
99.01	671
99.02	684
99.03	686
99.04	693
99.05	673
99.06	694
99.07	720
99.08	734
99.09	708
99.1	714
99.11	750
99.12	729
99.13	718
99.14	742
99.15	755
99.16	762
99.17	811
99.18	773
99.19	773
99.2	786
99.21	777
99.22	760
99.23	765
99.24	789
99.25	808
99.26	816
99.27	803
99.28	836
99.29	845
99.3	814
99.31	815
99.32	819
99.33	856
99.34	836
99.35	869
99.36	867
99.37	851
99.38	888
99.39	906
99.4	902
99.41	908
99.42	913
99.43	916
99.44	930
99.45	935
99.46	949
99.47	996
99.48	991
99.49	974
99.5	970
99.51	978
99.52	1022
99.53	1010
99.54	1001
99.55	1014
99.56	1024
99.57	1040
99.58	1033
99.59	1081
99.6	1096
99.61	1080
99.62	1100
99.63	1151
99.64	1153
99.65	1104
99.66	1123
99.67	1163
99.68	1186
99.69	1148
99.7	1173
99.71	1175
99.72	1209
99.73	1218
99.74	1209
99.75	1246
99.76	1219
99.77	1228
99.78	1264
99.79	1268
99.8	1259
99.81	1229
99.82	1228
99.83	1222
99.84	1229
99.85	1256
99.86	1283
99.87	1261
99.88	1228
99.89	1270
99.9	1294
99.91	1259
99.92	1279
99.93	1258
99.94	1266
99.95	1252
99.96	1200
99.97	1266
99.98	1261
99.99	1298
100.0	1231
